nome,cpf,idade,data,endereco,estado
Sr. Vitor Gabriel Silva,640.719.385-01,90,1933-12-06,"trevo emanuel silva, 482
vila tirol
47847085 pereira / ap",RONDÔNIA
Calebe Santos,651.297.384-46,40,1984-03-06,"recanto moraes, 7
ernesto nascimento
96497-621 da rosa / pb",RIO DE JANEIRO
Maria Julia Castro,164.750.293-43,76,1947-04-12,"residencial de pereira, 20
jatobá
62127-165 gomes de santos / al",PERNAMBUCO
Arthur Da Rosa,085.167.249-30,53,1970-04-16,"parque almeida, 66
vila suzana segunda seção
09805-686 santos / se",SANTA CATARINA
Juan Pereira,520.876.319-21,68,1955-10-25,"rodovia de pereira, 51
estrela
44830637 mendes de moraes / ba",RIO DE JANEIRO
Dra. Ana Laura Ribeiro,210.764.589-20,69,1954-05-09,"esplanada lavínia ramos
são francisco
39467-536 da mata / sp",DISTRITO FEDERAL
Maria Clara Araújo,960.342.175-80,41,1983-03-14,"praça cavalcanti, 65
conjunto celso machado
97788-105 vieira / ro",PARANÁ
Vitória Oliveira,302.568.479-83,31,1993-03-10,"esplanada monteiro, 88
conjunto paulo vi
06403-281 moraes / go",RORAIMA
Benjamin Oliveira,451.896.703-84,49,1974-05-16,"ladeira monteiro, 57
vila primeiro de maio
76835-491 moura dos dourados / ce",ACRE
Pietro Barros,843.095.172-50,51,1972-08-19,"recanto luiz miguel jesus, 35
vila aeroporto jaraguá
50536-588 oliveira de goiás / pb",MINAS GERAIS
Samuel Cavalcanti,520.679.841-01,89,1934-11-26,"ladeira de porto, 38
nova america
91782042 barros de da mata / to",RORAIMA
Ian Da Costa,384.172.609-78,23,2001-01-21,"via de jesus, 57
vila da amizade
93849-206 correia / pb",GOIÁS
Dr. Emanuel Costa,736.581.942-19,55,1969-03-09,"lago castro, 94
mariano de abreu
24415-900 porto / rj",GOIÁS
Larissa Da Cruz,128.953.704-60,83,1940-11-22,"setor isadora da rosa, 583
chácara leonina
20125668 teixeira / rr",MATO GROSSO DO SUL
Diogo Carvalho,078.153.294-97,83,1941-03-10,"viaduto pedro lucas cavalcanti, 49
tiradentes
27653-901 rezende / rs",MARANHÃO
Sr. Anthony Almeida,305.184.962-60,37,1987-02-03,"rua vitor hugo pinto, 21
anchieta
08712074 ramos / rj",BAHIA
Clara Martins,397.201.856-86,77,1947-03-14,"rodovia aragão, 245
conjunto lagoa
61224-422 pinto / mg",BAHIA
Dr. Luiz Felipe Cardoso,374.691.850-20,69,1954-07-20,"alameda de lima, 65
boa esperança
49621639 fernandes de moraes / pe",AMAPÁ
Sr. Calebe Lopes,135.796.802-77,62,1961-10-19,"trecho lucas sales, 24
dom bosco
09228582 da cunha alegre / ro",CEARÁ
Miguel Monteiro,097.521.834-41,54,1969-06-27,"passarela igor novaes, 89
pompéia
32670-098 martins / se",ACRE
Srta. Catarina Da Mata,468.751.390-57,81,1942-07-05,"sítio luna carvalho, 98
novo santa cecilia
32066-338 nunes / am",ACRE
João Gabriel Araújo,625.904.731-25,73,1950-09-13,"esplanada de castro, 4
vila nova cachoeirinha 1ª seção
69704-913 pires / mt",RORAIMA
Sr. Nicolas Azevedo,036.458.921-33,35,1989-01-18,"estrada de aragão, 1
vila barragem santa lúcia
49120-746 campos / ac",RIO DE JANEIRO
Kamilly Caldeira,508.379.462-47,44,1979-07-04,"via gabriela nascimento
madre gertrudes
45044395 nascimento do galho / ap",MATO GROSSO DO SUL
Renan Araújo,186.970.354-57,79,1945-03-06,"travessa vinicius da mata, 52
alta tensão 1ª seção
66380-981 dias do campo / ce",SÃO PAULO
Vicente Nascimento,054.921.378-32,63,1961-02-22,"largo vieira
milionario
78970057 dias / df",CEARÁ
Isaac Rocha,873.402.691-69,57,1966-11-30,"área lucas gabriel silveira, 51
anchieta
55284-530 rocha / pe",RIO DE JANEIRO
Julia Das Neves,819.402.563-05,60,1963-08-28,"jardim isabelly gomes, 23
nossa senhora de fátima
81186-838 da luz da serra / es",PARANÁ
Breno Rodrigues,196.540.732-34,95,1928-10-24,"distrito de silveira
dona clara
14225405 araújo / am",MARANHÃO
Isabel Nogueira,968.502.347-65,63,1960-10-21,"travessa ana júlia da rocha
miramar
01287083 fogaça do oeste / to",PIAUÍ
Anthony Araújo,208.157.463-26,38,1985-09-07,"avenida milena pires, 360
vila rica
71412995 pereira / ap",TOCANTINS
Sra. Marina Da Cunha,067.152.389-95,55,1968-09-09,"rodovia marcelo souza, 25
estrela
24438186 vieira / rn",AMAZONAS
Helena Cardoso,853.471.906-39,51,1972-05-29,"pátio alexandre teixeira, 243
indaiá
21474228 cavalcanti paulista / rr",PARANÁ
Luigi Nunes,593.204.186-24,50,1973-06-17,"via clara da rosa, 928
castelo
87117-636 caldeira de campos / rr",RORAIMA
Srta. Raquel Da Costa,278.534.619-09,58,1965-05-07,"estação ribeiro, 46
venda nova
45512787 silva / pb",AMAZONAS
Sra. Ana Vitória Oliveira,120.347.586-17,60,1963-11-01,"sítio de cavalcanti, 97
juliana
21342254 monteiro de campos / pa",SANTA CATARINA
Luiza Campos,974.281.306-03,52,1972-01-13,"condomínio de rodrigues, 52
conjunto providencia
93625-248 da luz / sc",TOCANTINS
Lucca Da Paz,526.980.731-95,71,1952-04-14,"rodovia vieira, 63
conjunto taquaril
85325522 pires / rn",TOCANTINS
Nathan Da Rosa,907.231.564-25,31,1992-11-05,"recanto de da conceição, 1
paraíso
52583-232 sales / am",CEARÁ
Lívia Silveira,804.125.796-85,61,1962-11-22,"setor de azevedo, 375
castanheira
56381800 teixeira das pedras / al",MATO GROSSO DO SUL
Isabel Cavalcanti,492.768.130-04,54,1969-05-10,"ladeira pietra cunha, 13
vista alegre
86652477 monteiro / pa",PARÁ
Rafael Nunes,285.917.604-76,38,1985-08-28,"vereda davi lucca barbosa, 35
estrela do oriente
38759-767 rodrigues de goiás / go",GOIÁS
Elisa Fogaça,572.840.693-92,95,1928-12-13,"rodovia ana júlia araújo, 68
vila real 2ª seção
22775-108 da mata dos dourados / pe",MARANHÃO
Agatha Ramos,948.061.752-85,23,2000-12-03,"distrito de barros, 41
suzana
54500-129 da rocha / rj",RORAIMA
Kamilly Rocha,946.031.875-48,59,1964-09-19,"feira campos, 17
cruzeiro
01967-483 ribeiro de pires / df",CEARÁ
Antônio Das Neves,435.698.712-82,40,1983-07-31,"avenida vitor hugo cardoso, 34
vila são rafael
96831280 da cunha / sc",RIO GRANDE DO SUL
Luiz Gustavo Alves,198.506.473-10,45,1978-07-08,"rodovia de souza, 63
vila nova dos milionarios
81275-813 rocha / ms",RIO GRANDE DO SUL
Emanuella Fernandes,097.184.263-96,87,1936-07-21,"residencial ian da paz, 6
padre eustáquio
41928916 fernandes de correia / pr",RONDÔNIA
Srta. Ana Beatriz Farias,431.975.068-39,62,1961-08-07,"ladeira de da paz, 98
jardim dos comerciarios
48285699 ribeiro / pe",ACRE
Yago Monteiro,865.279.143-00,44,1979-06-22,"ladeira pereira, 21
buraco quente
50425764 fogaça verde / ba",MARANHÃO
Yasmin Gonçalves,017.459.382-14,76,1947-09-26,"área barros, 46
salgado filho
98637-706 alves de goiás / ba",PARANÁ
Bruna Nascimento,132.695.407-52,34,1989-04-13,"vereda luiz felipe costa, 70
minaslandia
23088133 moraes / df",RORAIMA
Davi Luiz Nogueira,873.045.912-50,97,1926-12-20,"vila sales, 97
paquetá
59231544 da luz grande / es",PERNAMBUCO
Ian Monteiro,324.157.968-91,24,1999-12-11,"favela alana ribeiro, 318
casa branca
79179-607 barros da praia / ms",CEARÁ
Srta. Helena Silva,905.164.728-01,35,1988-11-14,"parque freitas, 82
ouro minas
59029142 lima da prata / ac",TOCANTINS
Bárbara Novaes,038.496.512-15,88,1935-05-24,"trecho bryan da cunha, 1
betânia
61163162 correia verde / pa",AMAZONAS
Sr. Pedro Lucas Costela,534.870.296-00,30,1993-08-24,"esplanada moreira
pindura saia
93675777 da cunha da mata / es",MINAS GERAIS
Rafael Jesus,673.105.482-80,22,2001-08-16,"campo de barros, 16
silveira
43534-126 duarte do galho / df",CEARÁ
Sra. Alícia Caldeira,051.382.694-70,89,1934-12-04,"distrito esther campos, 264
apolonia
13908-226 souza / pa",TOCANTINS
Danilo Martins,760.389.541-39,99,1925-03-30,"largo pires, 78
bacurau
13125523 sales verde / ap",PIAUÍ
Sr. Gabriel Da Rosa,530.641.782-53,49,1974-09-10,"campo isabelly freitas
novo santa cecilia
94562211 da mata / ce",ACRE
Augusto Teixeira,412.563.970-16,69,1954-11-15,"favela maria novaes
savassi
60241424 da costa das flores / rr",RIO GRANDE DO SUL
Ana Julia Da Rosa,630.549.782-65,42,1981-10-10,"trevo moraes, 5
cônego pinheiro 1ª seção
38769-503 ramos de rocha / sp",RIO GRANDE DO SUL
Lucca Barbosa,836.109.275-77,97,1926-06-12,"rua mendes, 337
penha
06179-472 sales do sul / sp",MINAS GERAIS
Amanda Da Costa,268.935.074-29,23,2000-11-20,"lagoa cardoso, 1
ambrosina
61793-758 da rocha / sp",MATO GROSSO
Dr. Francisco Cardoso,430.297.815-50,96,1927-10-30,"lago maitê campos, 31
braúnas
72279-259 costa do sul / to",PARANÁ
Lorena Farias,268.517.934-82,92,1931-04-17,"residencial barbosa, 44
zilah sposito
26601655 aragão de goiás / ap",RIO GRANDE DO SUL
Anthony Da Costa,935.287.104-97,36,1988-02-13,"recanto de rocha, 68
conjunto califórnia i
12467-132 jesus do norte / se",SANTA CATARINA
Cauã Rodrigues,107.286.439-87,98,1926-02-11,"vale gustavo henrique alves, 50
vila madre gertrudes 4ª seção
75200-837 correia grande / al",MATO GROSSO DO SUL
Anthony Barbosa,631.750.489-00,86,1937-08-19,"vila farias
vila satélite
80983484 gonçalves de fogaça / rn",ALAGOAS
Ana Julia Almeida,179.386.425-09,22,2001-07-20,"fazenda de porto, 3
senhor dos passos
60244655 mendes / ma",MATO GROSSO
Milena Barros,314.602.985-51,73,1950-08-04,"setor miguel pires, 3
ermelinda
63141374 pires / pa",RIO GRANDE DO NORTE
Murilo Gomes,759.083.641-93,99,1924-05-22,"morro de castro
vila pilar
68132710 vieira do sul / sp",CEARÁ
Daniel Barbosa,812.035.469-98,28,1995-10-05,"praça ferreira, 764
vila sumaré
04459429 teixeira da serra / ce",DISTRITO FEDERAL
Dr. Samuel Cardoso,039.124.687-96,47,1977-03-20,"vereda cauê novaes, 14
conjunto califórnia ii
17511624 caldeira / ba",DISTRITO FEDERAL
Ana Laura Sales,863.247.190-22,78,1945-11-24,"fazenda de pinto, 42
são jorge 1ª seção
94419954 correia de mendes / pr",RONDÔNIA
Mariana Cunha,492.537.016-25,81,1942-07-24,"loteamento luiz felipe teixeira, 87
novo ouro preto
09824175 araújo / am",RORAIMA
Sr. João Guilherme Cavalcanti,347.156.029-70,38,1985-09-30,"quadra emanuella da conceição, 29
cruzeiro
48756-294 fogaça de correia / ms",RIO GRANDE DO NORTE
Kamilly Rocha,365.248.907-10,63,1960-10-29,"rodovia danilo costa, 17
alta tensão 2ª seção
93173-991 almeida do oeste / ms",PIAUÍ
Gabriel Nunes,940.813.762-04,55,1968-11-21,"vila stephany lima
vista do sol
43271006 costa / pa",AMAZONAS
Rafael Correia,579.042.183-05,72,1952-01-03,"morro de cardoso, 47
marçola
82157940 melo / se",PIAUÍ
Ana Lívia Barbosa,925.164.380-60,62,1961-05-30,"lagoa sarah azevedo
monsenhor messias
68691-716 nunes / ce",PARÁ
Maitê Teixeira,694.815.037-39,90,1933-05-11,"loteamento oliveira, 29
camponesa 1ª seção
35499227 da rosa do oeste / pe",RIO GRANDE DO SUL
Carlos Eduardo Santos,937.815.426-37,69,1955-03-29,"largo nascimento, 97
delta
00090-218 barbosa / pr",RONDÔNIA
Enzo Gabriel Araújo,349.682.017-96,70,1953-09-15,Endereco nao encontrado,RIO GRANDE DO SUL
Breno Moreira,184.762.950-49,40,1984-03-23,"aeroporto de das neves, 7
vila sumaré
05152-623 correia das flores / al",PARANÁ
Julia Lopes,106.893.247-31,47,1977-02-13,"conjunto de cardoso, 5
vila minaslandia
42663-889 castro / pr",RORAIMA
André Lima,645.098.123-70,79,1944-11-06,"viaduto cardoso
belmonte
18780-365 monteiro do campo / ro",ALAGOAS
João Gabriel Barbosa,190.657.428-67,55,1969-02-23,"fazenda de barros
boa esperança
74227859 da costa / df",AMAPÁ
,438.765.902-56,21,2002-04-13,"colônia maria vitória moura
aarão reis
87984-967 rocha de minas / go",CEARÁ
João Felipe Oliveira,830.679.415-00,42,1981-10-18,"avenida de cardoso
madre gertrudes
39614351 porto do amparo / rn",DISTRITO FEDERAL
Samuel Vieira,218.305.764-53,39,1984-07-02,"lagoa leandro caldeira, 1
chácara leonina
51972-241 mendes / mt",RORAIMA
Lucca Ferreira,237.984.561-19,86,1938-03-30,"esplanada de das neves, 5
andiroba
55857-900 moraes do amparo / mg",PERNAMBUCO
Samuel Castro,582.630.419-70,70,1954-02-04,"praia eloah da mata, 95
cachoeirinha
76620-467 melo / al",AMAZONAS
Maria Vitória Teixeira,426.753.091-25,61,1962-12-16,"praia carvalho, 7
vila nova
08272068 costela / pa",MATO GROSSO DO SUL
Maria Fernanda Farias,907.143.856-20,22,2001-07-18,"área de correia, 44
chácara leonina
16210070 nunes do sul / am",RIO GRANDE DO NORTE
Fernanda Sales,879.354.102-32,71,1953-02-05,"vale lorenzo almeida, 80
vila mantiqueira
39381-620 alves grande / pe",RIO GRANDE DO SUL
Srta. Eduarda Nogueira,602.751.493-07,66,1958-01-13,"chácara isadora das neves
vila da amizade
25121623 ribeiro / pb",RONDÔNIA
Maitê Ferreira,016.542.973-99,65,1958-04-24,"estação cunha
calafate
29389355 rocha de gonçalves / pr",SANTA CATARINA
Catarina Pires,079.186.425-11,47,1977-01-28,"loteamento de lima, 1
vila primeiro de maio
16602-243 vieira da mata / mt",MATO GROSSO DO SUL
Manuela Da Rocha,839.561.470-57,74,1949-05-21,"alameda de gonçalves, 79
saudade
47129-674 dias / sp",PARAÍBA
Nina Moura,604.173.592-25,46,1977-07-23,"quadra bernardo ferreira, 85
marieta 1ª seção
48882-146 lima de barbosa / pa",ACRE
Pedro Henrique Vieira,526.839.107-03,42,1981-08-14,"rodovia alícia dias, 58
vila boa vista
14088-768 campos de porto / rr",PARANÁ
Ana Clara Cunha,862.953.107-02,36,1987-04-09,"rua de cavalcanti, 8
vila da paz
01240048 souza da serra / ac",ESPÍRITO SANTO
Pietra Santos,508.672.194-67,94,1929-06-14,"esplanada de silva, 1
vila puc
06033-930 alves de lopes / go",SANTA CATARINA
Sr. Theo Da Conceição,284.517.309-14,25,1998-10-04,"viaduto de freitas, 12
centro
41526-260 da cruz dos dourados / rr",SÃO PAULO
Vinicius Da Costa,023.916.457-16,65,1958-06-03,"recanto valentina pinto, 52
satelite
97787-119 mendes de barbosa / pa",SÃO PAULO
Pedro Henrique Cunha,519.304.678-93,58,1965-06-03,"passarela de santos, 501
vila atila de paiva
81047029 oliveira / es",PARÁ
Davi Nogueira,564.829.170-11,74,1949-12-14,"morro lucca da rocha, 40
bandeirantes
05301527 nascimento / ce",TOCANTINS
Luiz Fernando Da Paz,409.816.257-11,80,1943-04-30,"praça de da paz, 5
conjunto jardim filadélfia
17691-504 cavalcanti / to",MATO GROSSO
Srta. Letícia Rocha,137.580.942-32,76,1947-12-01,"fazenda joão felipe souza, 78
nova pampulha
08184872 cunha / sc",SERGIPE
João Nogueira,367.189.054-10,91,1933-02-22,"rodovia cauê monteiro, 50
heliopolis
61521177 martins paulista / ce",RIO GRANDE DO NORTE
João Gabriel Cardoso,962.405.713-34,53,1970-07-13,"área de ferreira, 20
vila independencia 2ª seção
75695006 melo / ac",MINAS GERAIS
Ryan Ribeiro,409.157.683-48,95,1928-12-18,"núcleo almeida, 41
vila são paulo
63386-457 novaes / pb",ALAGOAS
Olivia Das Neves,314.927.586-55,23,2001-01-27,"lagoa de vieira, 25
paquetá
66090560 pereira do campo / al",RORAIMA
Sr. Luiz Miguel Pinto,942.816.507-76,55,1968-04-17,"conjunto da luz, 6
chácara leonina
95186702 silva / sc",SÃO PAULO
Elisa Teixeira,217.439.856-73,79,1944-05-07,"ladeira de rodrigues, 58
vila são francisco
18153-240 da mata / es",RONDÔNIA
Pedro Miguel Das Neves,523.976.081-03,59,1964-12-15,"jardim de nascimento, 7
engenho nogueira
72911-524 moreira do galho / rs",RIO DE JANEIRO
Maria Luiza Azevedo,064.253.879-47,76,1947-04-29,"quadra de da cruz, 42
vila jardim montanhes
11782275 mendes / pe",SERGIPE
Lorenzo Silva,642.397.018-13,47,1976-05-09,"conjunto de da cruz, 1
mariano de abreu
82687-160 azevedo de silva / rj",AMAZONAS
Bianca Souza,673.295.108-40,97,1926-05-25,"colônia francisco campos, 7
vila betânia
47223-561 da costa do galho / sc",BAHIA
Vitor Azevedo,643.978.150-20,70,1953-11-01,"largo de barbosa
vila nova gameleira 1ª seção
37778-485 lima / al",RORAIMA
Enzo Gabriel Lima,187.604.952-94,57,1967-01-28,"aeroporto rezende
santo antônio
22751419 melo de porto / sp",SANTA CATARINA
Eduarda Cunha,093.821.745-32,59,1964-09-17,"campo de pinto, 72
santana do cafezal
22684962 porto / pi",SÃO PAULO
Sra. Nicole Da Rocha,367.082.149-03,79,1944-10-10,"setor de ferreira, 742
vila antena
59176-949 santos / rr",AMAZONAS
Ana Clara Santos,430.629.781-04,35,1988-04-15,"ladeira de sales, 15
vila são francisco
18447153 das neves / df",PARAÍBA
Enzo Gabriel Castro,694.253.078-65,96,1927-07-11,"ladeira de teixeira
são geraldo
49881-890 rodrigues / pb",PIAUÍ
Nicole Ferreira,701.839.246-22,28,1996-02-11,"aeroporto duarte, 9
funcionários
49849669 silva do sul / es",AMAZONAS
Erick Sales,498.357.160-48,37,1986-09-13,"trecho de martins, 51
vila santa monica 1ª seção
87398-775 nogueira alegre / pr",CEARÁ
Anthony Barros,742.053.618-07,42,1981-10-24,"vila alexia viana, 87
jardim alvorada
22732-445 moreira / pa",RORAIMA
Renan Da Rocha,986.204.357-10,53,1971-03-08,"morro melo, 463
grajaú
18981-145 da conceição / ro",TOCANTINS
Marcela Santos,843.196.205-42,24,1999-12-23,"residencial de aragão, 65
planalto
81955-681 barbosa do sul / rn",GOIÁS
Carolina Melo,970.358.142-05,39,1984-06-06,"vereda kamilly da rosa, 80
são geraldo
58360617 castro / sc",AMAPÁ
Lavínia Rezende,946.321.085-70,44,1979-08-19,"morro davi luiz correia, 38
vila são paulo
55361364 ferreira do galho / ce",RONDÔNIA
Srta. Julia Porto,502.731.649-61,75,1948-07-21,"distrito ana laura aragão, 90
jardim do vale
37050371 barbosa / ma",AMAZONAS
Alana Cardoso,572.934.018-41,32,1991-04-14,"favela gonçalves, 32
cônego pinheiro 1ª seção
62579-612 da costa alegre / pr",RIO GRANDE DO NORTE
Davi Lucas Cardoso,805.769.423-83,28,1995-11-15,"viela da paz, 92
serra
95443238 correia / mt",SÃO PAULO
Raul Santos,315.809.267-03,19,2004-09-11,"loteamento emanuelly sales, 135
leticia
56249-362 fernandes de peixoto / sp",ALAGOAS
Igor Melo,261.730.548-17,46,1978-02-03,"favela oliveira, 67
vila copacabana
91636157 rezende / pr",TOCANTINS
Joaquim Da Costa,274.039.856-56,76,1947-08-10,"condomínio campos, 38
dom bosco
49718775 melo de minas / sp",AMAPÁ
João Felipe Farias,936.457.180-01,28,1996-01-11,"estação milena silva, 549
bairro das indústrias ii
77860945 silva / pe",MATO GROSSO
Manuela Almeida,647.251.980-30,75,1949-01-27,"feira alice ramos, 3
são joão batista
84904729 campos paulista / pe",ACRE
Ryan Rocha,248.513.096-51,64,1959-10-25,"passarela nogueira, 8
castelo
08422194 pires de barros / pi",Desconhecido
Luna Da Conceição,935.416.278-91,96,1928-02-19,"campo campos, 82
são pedro
10003961 da mata / ma",MATO GROSSO DO SUL
Manuela Silva,591.372.846-73,18,2005-09-01,"jardim beatriz farias, 11
acaba mundo
79947-311 farias / al",BAHIA
Maria Vitória Das Neves,761.450.932-34,96,1928-01-05,"lagoa cavalcanti
savassi
46594-913 ribeiro do norte / pe",MINAS GERAIS
Marcela Cunha,904.312.587-32,45,1978-06-17,"rua sales, 4
universo
73420661 rodrigues das pedras / se",PERNAMBUCO
Bryan Souza,593.410.876-00,66,1958-03-05,"viaduto thales costela, 23
mala e cuia
14364-941 farias / ba",MARANHÃO
Kevin Cavalcanti,658.107.349-01,48,1976-01-29,"distrito maria moraes, 9
vila paris
34507-199 cardoso / pr",SERGIPE
Sr. João Gabriel Martins,794.682.051-85,74,1949-06-14,"esplanada de moura, 95
boa viagem
73036474 pereira do oeste / ma",MATO GROSSO
Gabriela Da Mata,746.021.835-90,67,1956-06-16,"viaduto de peixoto, 16
inconfidência
10719-934 da cruz / ce",RORAIMA
Srta. Júlia Fernandes,650.429.831-98,48,1975-11-19,"condomínio leandro da mota, 20
jatobá
87409412 cavalcanti da mata / to",DISTRITO FEDERAL
Bárbara Silveira,386.019.472-04,40,1983-12-25,"trevo carvalho
vila paraíso
27781889 vieira de castro / rn",RIO DE JANEIRO
Vinicius Jesus,549.723.618-91,89,1934-12-08,"morro de duarte
pindorama
91232749 cunha / rs",MINAS GERAIS
Srta. Alice Pires,536.287.940-56,41,1982-07-08,"praia ana carolina correia, 11
santa sofia
12204735 rocha alegre / ro",CEARÁ
Lara Ferreira,698.517.304-75,72,1951-10-23,"rodovia de fogaça, 96
lajedo
51730-878 cardoso do galho / rs",DISTRITO FEDERAL
Felipe Freitas,863.410.759-01,98,1925-04-27,"rua duarte, 85
vila real 1ª seção
03399083 costa do sul / ac",DISTRITO FEDERAL
Maysa Pires,852.607.149-11,68,1955-10-08,"sítio mariana almeida, 86
carlos prates
09579-357 cavalcanti / pr",BAHIA
Letícia Da Mata,308.742.169-31,47,1976-08-04,"aeroporto da paz, 54
vila são dimas
26750-505 costa / pr",RIO DE JANEIRO
Luigi Cunha,623.457.109-34,92,1932-01-24,"praia nascimento, 541
senhor dos passos
52251-024 cavalcanti do campo / pa",Desconhecido
Lucas Gabriel Gomes,120.476.398-40,20,2004-02-23,"distrito de cardoso, 24
flamengo
42222117 jesus da prata / pi",PERNAMBUCO
Emanuelly Costela,152.490.783-97,46,1977-10-21,"vale de vieira, 67
suzana
02233962 alves / pa",RORAIMA
Calebe Nascimento,631.974.802-87,85,1939-02-25,"trecho brenda ferreira, 25
lagoinha
22650-581 da luz / rj",BAHIA
Juan Pires,139.648.572-46,76,1948-03-12,"avenida de santos, 89
são pedro
54483394 moraes da mata / ms",GOIÁS
Lívia Costa,582.793.041-50,81,1942-10-18,"loteamento oliveira, 12
vila da ária
56184582 pires / am",RIO GRANDE DO NORTE
Davi Lucas Nunes,679.802.341-03,21,2003-01-07,"vila viana, 68
nova cintra
01930898 porto / am",PIAUÍ
Dr. Lucca Oliveira,806.759.431-75,89,1934-06-24,"passarela jesus, 34
vila jardim montanhes
90668-539 azevedo / pb",RIO DE JANEIRO
Eduardo Monteiro,037.529.468-65,61,1962-11-09,"viaduto caldeira
vila nova paraíso
26625-312 oliveira do galho / pe",CEARÁ
Diogo Moraes,571.463.209-52,47,1977-01-12,"sítio aragão, 73
aguas claras
39221-650 barros / rj",MARANHÃO
Felipe Freitas,657.014.938-57,18,2005-12-08,"área gabriela nascimento
ermelinda
91481282 silveira / rr",GOIÁS
Ryan Peixoto,830.126.594-98,27,1996-08-25,"estrada agatha correia, 79
xodo-marize
53021-431 azevedo alegre / to",PARÁ
Otávio Pires,526.170.894-01,25,1998-07-16,"pátio ribeiro, 33
vila oeste
74852-896 barros da mata / ms",RONDÔNIA
Thiago Moreira,023.671.984-03,61,1963-01-11,"residencial rebeca da paz, 43
santa inês
11614338 lima do sul / sc",RIO GRANDE DO SUL
Pietro Lopes,428.657.913-19,61,1962-04-24,"aeroporto moura, 81
salgado filho
80405-323 moura do galho / sp",PARAÍBA
Gabriela Gomes,317.820.469-50,42,1981-04-13,"parque mariane araújo, 1
flamengo
01839098 aragão / ro",PIAUÍ
João Miguel Viana,183.527.069-77,23,2000-05-27,"estrada de carvalho, 309
funcionários
12346-410 da luz / df",Desconhecido
Sr. Luiz Henrique Nunes,031.879.256-77,76,1948-03-17,"via da cunha, 11
sport club
89823119 costela da mata / to",TOCANTINS
Srta. Ana Sophia Viana,937.802.651-68,29,1995-02-18,"rodovia agatha cavalcanti, 27
santo antônio
57644125 ribeiro / ap",PARÁ
Sr. Marcelo Aragão,418.379.602-40,85,1938-04-06,"praça raul pires
maria virgínia
04343-264 cunha / to",PIAUÍ
Enzo Gabriel Da Mota,018.326.459-24,30,1993-09-22,"vila farias
braúnas
89867214 nogueira do sul / se",MINAS GERAIS
Benjamin Da Rosa,195.728.306-86,99,1924-07-29,"núcleo maria luiza novaes, 100
xangri-lá
43844226 moura da prata / rj",PARANÁ
Ana Rezende,316.749.285-64,68,1955-10-15,"esplanada de da cruz, 73
eymard
71825-419 nascimento / pe",RIO GRANDE DO NORTE
Dr. Thomas Dias,267.984.310-03,45,1979-01-13,"jardim ana carolina da mota, 6
vila petropolis
53256-274 moura / ap",PARAÍBA
Breno Ribeiro,803.946.721-78,38,1985-10-05,"vereda de costela, 27
vila de sá
07317531 freitas / mg",MATO GROSSO
Lucas Gabriel Novaes,856.074.129-11,41,1982-09-04,"trevo manuela jesus, 927
ipe
96781793 carvalho / sc",CEARÁ
Vicente Rodrigues,328.147.905-79,85,1938-12-18,"chácara cardoso, 14
vila aeroporto
82122066 fogaça / rn",RONDÔNIA
João Lucas Vieira,985.724.301-05,38,1985-10-18,"praça de oliveira, 35
conjunto santa maria
00397-858 barros dos dourados / rn",MARANHÃO
Dr. Luiz Henrique Freitas,951.720.438-88,47,1976-11-07,"residencial luigi duarte, 6
manacas
80721305 aragão / sc",PARÁ
Dra. Luiza Da Conceição,189.032.564-33,96,1927-04-29,"núcleo de ferreira, 77
lagoa
66120668 freitas do norte / pr",CEARÁ
Benjamin Cavalcanti,317.024.958-41,26,1997-11-30,"área de fernandes, 37
vila são dimas
93804-699 pereira / mt",CEARÁ
Murilo Mendes,653.748.201-17,77,1946-04-20,"loteamento porto, 4
vila santo antônio
40994-158 jesus / se",SERGIPE
Dr. Renan Rezende,609.342.875-38,65,1958-12-16,"área de ribeiro, 688
vila vista alegre
53424631 viana / pr",SANTA CATARINA
Maysa Porto,081.395.764-84,68,1955-09-11,"pátio carlos eduardo azevedo, 76
havaí
05920919 cardoso do norte / ro",BAHIA
Pedro Lucas Pereira,873.421.560-35,84,1940-01-09,"quadra almeida, 83
paquetá
47111-767 ferreira / ce",SANTA CATARINA
Isadora Nogueira,480.321.579-05,50,1974-01-09,"feira almeida, 72
vila são dimas
54779-178 nogueira da mata / rj",RIO DE JANEIRO
Gabriel Ramos,591.874.320-05,76,1947-08-23,"viaduto de freitas, 46
novo glória
68461-422 da mata do campo / to",MATO GROSSO
Yago Ferreira,531.842.796-00,87,1936-05-30,"ladeira agatha almeida, 27
vila copacabana
72789380 santos de cardoso / rs",ACRE
Samuel Da Mata,521.740.968-11,21,2002-11-30,"residencial cavalcanti, 50
grota
42720-953 costela / mg",PARANÁ
Sophie Pinto,317.480.529-50,94,1929-07-19,"colônia bryan costela, 404
suzana
19834-441 rocha / se",SANTA CATARINA
Dr. Rafael Souza,436.750.218-07,45,1979-02-03,"rodovia de moreira, 6
santo agostinho
88797976 melo de rodrigues / am",AMAZONAS
Vitor Hugo Lima,450.326.187-80,85,1938-07-30,"esplanada oliveira, 654
serra
05893442 barros grande / pr",RORAIMA
Dr. Bernardo Da Cruz,230.847.951-50,21,2003-03-03,"rodovia thomas santos, 48
vila suzana segunda seção
76192-382 da cruz / am",BAHIA
Caio Da Cunha,926.084.357-00,93,1930-09-14,"vila milena porto, 70
marieta 1ª seção
21471136 viana de minas / ro",PARAÍBA
Stephany Duarte,642.183.975-46,97,1927-03-22,"lagoa rebeca novaes, 77
são jorge 1ª seção
99459-667 da luz / se",AMAZONAS
Kevin Da Conceição,074.851.296-94,63,1960-04-18,"núcleo sales, 59
novo das industrias
25075979 da mota / pe",ACRE
Srta. Giovanna Aragão,142.765.380-17,76,1947-07-08,"feira sales, 82
coração eucarístico
14004-925 rezende / al",PARAÍBA
Pedro Henrique Pinto,653.842.917-37,25,1998-09-20,"colônia de azevedo, 22
centro
28232955 vieira / ce",MATO GROSSO DO SUL
Joaquim Da Cruz,532.784.910-41,30,1993-12-14,"alameda fernandes
são salvador
47528-909 vieira do norte / am",RONDÔNIA
Leandro Souza,560.218.937-86,29,1994-10-09,"estrada de castro, 671
trevo
70826-740 aragão / pi",RIO GRANDE DO NORTE
Beatriz Aragão,805.134.927-04,52,1971-07-29,"trecho calebe ferreira, 902
funcionários
75361-448 mendes / al",ACRE
Carlos Eduardo Teixeira,546.310.289-98,48,1975-07-26,"chácara joão gabriel correia, 983
vila batik
90033-732 souza / es",DISTRITO FEDERAL
Joana Da Rocha,915.302.864-33,46,1978-03-05,"lago maria cecília dias, 93
marçola
81757780 nogueira alegre / mg",CEARÁ
Lucas Gabriel Da Luz,203.564.197-70,18,2005-12-13,"via de santos
delta
16982254 da rosa / df",RIO DE JANEIRO
Davi Lucas Da Costa,502.416.973-52,18,2005-11-29,"viela mariana ferreira, 867
cidade jardim taquaril
41562-571 almeida da serra / al",SÃO PAULO
Henrique Da Rocha,713.508.462-44,33,1990-09-08,"via caio carvalho, 11
inconfidência
12395-579 silveira / am",PARAÍBA
Lorena Fernandes,574.913.680-93,92,1931-05-23,"residencial joão guilherme campos
vila paraíso
64575-574 da costa / pr",PARANÁ
Nathan Nogueira,837.624.059-56,44,1980-03-22,"vereda jesus, 420
monsenhor messias
58414-188 campos / df",AMAZONAS
Srta. Maysa Rezende,726.351.894-55,81,1942-09-08,"setor de da mata, 49
zilah sposito
64777814 moraes / pi",PARÁ
Erick Santos,680.219.745-67,43,1980-06-22,"rua lavínia da rosa, 9
pedreira padro lopes
34591588 moreira do oeste / to",RIO GRANDE DO SUL
Agatha Sales,983.210.675-30,91,1932-09-01,"setor de santos, 49
itatiaia
61014707 vieira de ferreira / sp",BAHIA
Ana Beatriz Moreira,637.980.145-66,63,1960-11-19,"parque thomas nogueira, 74
outro
56064351 nogueira / am",ALAGOAS
Antônio Da Rocha,943.127.508-23,26,1998-02-28,"viela de mendes, 45
jardim leblon
96236-614 alves / am",MARANHÃO
Dra. Vitória Viana,813.062.954-24,83,1941-03-23,"loteamento barbosa, 28
vila madre gertrudes 2ª seção
30505246 viana de barbosa / ro",MARANHÃO
Enzo Monteiro,534.021.978-04,43,1980-06-25,"trevo barros, 87
chácara leonina
32250-516 correia do sul / pr",MATO GROSSO
Bernardo Santos,045.837.692-29,18,2005-09-09,"lagoa isabella viana, 20
zilah sposito
57396-028 da costa / pr",PARANÁ
Guilherme Cunha,237.961.508-02,25,1999-03-31,"fazenda rezende, 619
vila da paz
12171588 cunha / pi",RONDÔNIA
Raul Rodrigues,193.685.240-33,47,1976-06-16,"praça souza
santa inês
51653-076 sales / sc",MATO GROSSO DO SUL
Pietra Lima,591.384.076-39,31,1993-03-28,"praça almeida, 81
são bento
89716066 cavalcanti / mt",PERNAMBUCO
Camila Barbosa,560.871.293-59,37,1986-07-11,"vila martins, 7
casa branca
24755-263 rezende do norte / pa",BAHIA
Kaique Almeida,078.359.612-02,68,1955-09-27,"passarela de pires, 6
olhos d'água
60019-193 nogueira / ms",ACRE
Antônio Porto,015.283.479-60,87,1936-06-19,"aeroporto lavínia porto, 29
barreiro
62756-069 da costa / rr",MINAS GERAIS
Alana Rezende,216.903.548-60,70,1953-05-23,"parque de aragão, 76
cachoeirinha
02496-655 castro dos dourados / es",SANTA CATARINA
Vitor Almeida,134.067.985-00,42,1981-08-06,"vale ramos, 60
vila santo antônio
30951-261 cardoso / rr",RIO GRANDE DO NORTE
Isabelly Da Mota,709.435.816-48,75,1948-05-19,"loteamento nascimento
engenho nogueira
51363757 freitas de minas / pa",AMAZONAS
Isis Oliveira,893.246.170-87,77,1946-09-28,"esplanada joão guilherme barbosa, 39
barão homem de melo 2ª seção
27835-647 teixeira de da rocha / al",PIAUÍ
Carolina Gomes,845.721.639-28,31,1992-05-29,"parque nascimento
vila minaslandia
52552505 pires / al",RIO GRANDE DO SUL
Srta. Natália Rodrigues,548.329.017-88,76,1948-03-04,"largo alves, 654
vera cruz
86331-648 da mata das flores / ms",TOCANTINS
Fernando Ramos,032.489.657-38,51,1973-01-05,"trevo de azevedo, 36
vila barragem santa lúcia
25527-534 nunes de minas / pr",RIO GRANDE DO NORTE
Gabriela Da Cruz,109.728.536-77,26,1997-06-11,"área de barros, 4
vila mangueiras
34927703 campos / ce",MARANHÃO
Noah Cavalcanti,273.901.485-60,83,1941-02-17,"setor arthur barros, 58
vera cruz
74085586 gonçalves / mt",PARANÁ
Clara Moreira,079.215.348-05,50,1974-03-30,"largo gomes, 85
vila da paz
12874488 almeida das pedras / pb",RORAIMA
Laura Araújo,134.059.276-25,54,1970-03-16,"praia agatha cardoso, 1
lagoinha
89331294 azevedo / pi",PIAUÍ
Dr. Luiz Otávio Sales,472.931.058-60,77,1946-07-10,"via novaes, 81
vila são paulo
75725-378 viana / mt",MATO GROSSO
Emilly Da Mata,839.264.057-83,88,1935-10-11,"pátio castro, 51
vila trinta e um de março
55241883 novaes / es",AMAPÁ
Kevin Rodrigues,086.491.732-50,53,1970-09-05,"campo lima, 42
conjunto califórnia ii
56662-295 aragão alegre / pe",RIO DE JANEIRO
Davi Pereira,209.851.463-89,60,1963-09-23,"esplanada rafael viana, 38
apolonia
79597-756 jesus / mg",MATO GROSSO
Thomas Silva,891.342.506-89,20,2004-03-06,"travessa beatriz fogaça, 47
fernão dias
67632359 ferreira / rn",BAHIA
Ana Lívia Da Cruz,135.694.780-84,85,1938-09-06,"praça correia, 3
canadá
10967-617 da rocha / rj",MARANHÃO
Sr. Vicente Silveira,318.497.065-57,59,1964-11-06,"viela maria cecília viana, 44
vila copacabana
57773029 teixeira grande / pa",CEARÁ
Sophie Caldeira,403.216.857-17,36,1988-01-28,"vila nina moura, 41
vila santo antônio
90620403 cardoso grande / pa",PIAUÍ
Gabriel Costa,930.751.624-34,59,1964-04-07,"núcleo carvalho, 87
piraja
27363-406 aragão / pi",MATO GROSSO DO SUL
Ana Carolina Costa,680.432.175-80,50,1973-12-15,"rodovia de da luz, 710
saudade
97753-283 almeida / ro",MATO GROSSO
Maitê Fogaça,543.981.076-57,26,1997-10-29,"residencial beatriz lopes
ermelinda
10264438 pinto do amparo / rn",RIO DE JANEIRO
Bruna Caldeira,259.738.061-03,67,1956-05-14,"aeroporto de ferreira, 9
senhor dos passos
60406901 pinto / ac",AMAZONAS
Caroline Moura,593.267.014-25,30,1993-04-27,"chácara da luz, 27
bonfim
19292291 freitas / sp",PARAÍBA
Sra. Ana Júlia Pires,561.839.420-06,46,1977-06-19,"núcleo cardoso
barreiro
53334004 da mata / to",BAHIA
Dra. Larissa Fernandes,503.491.862-51,43,1981-02-21,"residencial de ribeiro, 11
vila santa rosa
31387-267 ramos do galho / go",BAHIA
Rodrigo Da Luz,416.279.350-61,32,1992-02-03,"aeroporto de campos, 63
são gabriel
23280-868 caldeira de costa / pb",PARÁ
Carlos Eduardo Barros,730.926.451-70,31,1992-05-25,"loteamento de rodrigues
santa cecilia
06586958 sales / go",SERGIPE
Ana Laura Silva,047.183.956-66,51,1972-06-20,"vale pinto, 70
esplanada
62764-552 azevedo / pi",RONDÔNIA
Maitê Nogueira,517.209.346-06,65,1958-10-01,"vale costela, 5
parque são josé
96135-251 da costa / sp",GOIÁS
Ana Laura Da Luz,681.534.027-90,80,1943-09-26,"jardim de barros, 111
caiçara - adelaide
35595-078 rocha / to",GOIÁS
Sra. Brenda Viana,154.768.092-01,75,1948-10-12,"pátio da rocha, 793
vila rica
94599043 pereira do amparo / es",ALAGOAS
Augusto Teixeira,360.458.927-47,93,1930-05-17,"setor samuel porto, 99
bairro das indústrias ii
86695-066 da rocha / am",RIO DE JANEIRO
Dr. Francisco Lima,318.062.495-70,65,1959-02-01,"via diego lima, 60
distrito industrial do jatoba
23453-385 rezende da praia / ap",RORAIMA
Isaac Da Luz,293.547.680-83,74,1949-09-12,"área joão lucas lima, 997
são benedito
29475280 correia do oeste / ro",PERNAMBUCO
Calebe Jesus,068.549.237-00,46,1978-02-15,"praia vitor gabriel cunha, 89
concórdia
76769-266 barros de almeida / sc",PARÁ
Kevin Melo,786.423.910-22,57,1966-11-05,"viaduto juliana nogueira
trevo
27312378 costela / ba",BAHIA
Pedro Miguel Peixoto,079.865.213-68,49,1975-03-26,"passarela moura, 85
vila rica
97660-932 pinto / df",SERGIPE
Gabrielly Almeida,498.065.732-00,29,1994-06-21,"condomínio de sales, 62
são bernardo
26536-770 da paz de farias / pb",SERGIPE
Murilo Correia,197.630.548-93,33,1990-11-29,"estação de ribeiro, 893
zilah sposito
70649126 da luz / sp",BAHIA
Matheus Dias,156.274.038-53,81,1942-12-02,Endereco nao encontrado,RIO DE JANEIRO
Stella Cardoso,798.061.543-39,55,1968-08-14,"estrada ana ramos, 10
novo tupi
28462177 nascimento / go",PARANÁ
Marcela Barbosa,509.861.437-66,61,1963-03-04,"estação de azevedo, 639
vila antena montanhês
95402652 souza / ms",SANTA CATARINA
Ana Carolina Pires,612.803.495-06,87,1936-04-16,"viaduto eduarda pinto, 76
pousada santo antonio
59415989 da mota / rs",GOIÁS
Helena Aragão,791.852.043-23,84,1940-02-19,"morro lavínia almeida
esperança
86630-979 da mota da praia / ap",ALAGOAS
João Gabriel Oliveira,496.325.817-09,96,1927-11-21,"travessa oliveira, 28
minas brasil
46483592 cardoso de pires / ma",PARÁ
Maria Cecília Vieira,491.372.586-64,87,1936-05-14,"conjunto de souza, 842
petropolis
42034714 da cruz de duarte / to",PARANÁ
Lorena Rodrigues,461.372.508-90,45,1978-12-27,"quadra de fogaça, 57
vila nova gameleira 3ª seção
66845-310 azevedo / pe",AMAZONAS
Nicolas Cunha,873.420.651-53,69,1954-09-01,"estrada de carvalho, 52
conjunto jardim filadélfia
52805087 da rocha grande / go",ALAGOAS
Vitor Hugo Ramos,485.102.396-06,29,1994-08-07,"travessa melo, 5
biquinhas
66489954 farias / es",MATO GROSSO
Luigi Aragão,704.296.385-74,40,1984-02-28,"largo de rodrigues, 19
campo alegre
45308605 oliveira / df",MATO GROSSO DO SUL
Maria Julia Barros,123.807.596-77,49,1974-06-14,"área nogueira
solimoes
33583-693 fogaça de minas / pe",PIAUÍ
Luiz Gustavo Silveira,178.924.630-03,93,1931-02-16,"estação mendes
colégio batista
63789-623 mendes / pr",CEARÁ
Ana Júlia Fernandes,795.408.612-76,96,1927-05-16,"passarela de carvalho, 69
coração de jesus
30963-058 jesus de gonçalves / se",ACRE
Luiz Miguel Novaes,754.892.163-28,26,1998-01-24,"morro de nascimento, 17
coqueiros
45908-211 carvalho / mg",MARANHÃO
Gabriel Santos,142.680.957-30,21,2003-03-24,"largo viana, 3
vila fumec
88329854 duarte grande / pe",ACRE
Srta. Sophie Vieira,624.017.385-17,71,1952-04-06,"loteamento de viana, 65
conjunto novo dom bosco
74866-542 gomes / pi",PARAÍBA
Júlia Cardoso,482.615.097-02,88,1935-07-24,"feira gustavo nascimento, 911
vila calafate
13255-925 dias da serra / rs",ESPÍRITO SANTO
Dra. Gabriela Jesus,846.072.319-40,49,1975-03-04,"vereda cunha
jardim do vale
23769849 peixoto / es",RIO GRANDE DO SUL
Dr. João Gabriel Correia,038.254.716-08,48,1975-05-27,"aeroporto augusto das neves, 847
maria helena
14413023 sales do sul / to",MINAS GERAIS
Luiz Gustavo Jesus,625.914.807-02,98,1925-04-09,"feira fogaça, 914
vila dos anjos
04874-947 gonçalves / pi",ESPÍRITO SANTO
Rodrigo Ferreira,527.019.648-49,55,1969-02-27,"estação moraes, 13
carmo
16880467 sales / mg",DISTRITO FEDERAL
Alícia Ribeiro,514.928.607-94,91,1932-04-28,"feira maria julia costela, 21
mariano de abreu
15900292 viana / mg",TOCANTINS
Sr. André Da Mata,169.238.045-15,66,1957-12-07,"loteamento de lima, 16
conjunto providencia
30306-177 vieira / se",RIO DE JANEIRO
Srta. Maria Julia Campos,245.317.869-55,64,1960-02-06,"rodovia pires, 57
vila de sá
77231854 das neves de minas / sp",BAHIA
João Gabriel Ferreira,018.962.437-03,94,1929-07-20,"pátio carvalho
vila primeiro de maio
20761463 cardoso / ap",MARANHÃO
Thomas Moraes,291.743.085-05,60,1964-02-09,"parque melo, 462
vila cloris
72257447 alves paulista / go",PERNAMBUCO
Clara Melo,860.547.139-57,62,1962-02-15,"alameda vitor gabriel lopes, 52
pedreira padro lopes
39505-792 freitas / ms",AMAZONAS
Luigi Cavalcanti,078.159.423-50,33,1990-07-07,"campo de campos, 83
vila tirol
47518-448 moura / rn",RIO GRANDE DO SUL
Dra. Stella Da Costa,340.968.215-51,53,1970-10-31,"passarela oliveira, 48
santa monica
65901774 barbosa / ro",SANTA CATARINA
Isabella Da Paz,289.547.630-65,80,1943-12-31,"via letícia nunes, 280
monsenhor messias
23682-395 porto do campo / al",MARANHÃO
Enzo Da Rocha,874.126.390-13,43,1980-12-28,"travessa ribeiro, 92
pindorama
41498-699 costa / go",SERGIPE
Olivia Fernandes,016.793.584-48,50,1973-12-09,"conjunto eduardo da paz, 2
dom joaquim
57205-706 da rosa / ap",PARÁ
André Da Mata,648.073.251-08,37,1986-11-05,"feira clara lima, 5
vila independencia 3ª seção
97223-857 sales alegre / ma",PERNAMBUCO
Pedro Henrique Cavalcanti,938.026.157-86,78,1946-02-09,"núcleo de rocha, 9
sport club
85502-689 dias / sp",PARAÍBA
Joaquim Silveira,671.038.925-12,20,2003-07-18,"vila de freitas, 80
santo antônio
64429-208 souza / ac",CEARÁ
Mirella Rodrigues,216.854.907-94,46,1977-12-11,"fazenda de lima, 95
vila das oliveiras
24075-695 santos / rj",ESPÍRITO SANTO
Sra. Isabelly Azevedo,087.521.496-76,74,1949-11-23,"ladeira caldeira, 5
vila paris
30774-845 das neves do galho / ac",MATO GROSSO
Dr. Samuel Ferreira,720.936.841-87,35,1989-02-02,"travessa ana lívia da mata, 63
madri
52820362 correia / es",RIO DE JANEIRO
Otávio Carvalho,643.820.751-90,87,1936-07-09,"residencial costa, 9
cidade jardim taquaril
93834094 cunha paulista / se",DISTRITO FEDERAL
Dra. Stephany Da Mota,154.628.930-51,25,1999-03-16,"colônia monteiro, 49
europa
08852-447 souza / mt",SÃO PAULO
Cauê Mendes,152.704.683-44,30,1993-12-15,"lagoa das neves, 36
marçola
29562-910 martins do galho / ba",ACRE
Alexandre Nunes,496.028.513-33,51,1972-07-03,"esplanada souza, 437
álvaro camargos
13558-006 costa / mg",RIO GRANDE DO SUL
Maria Fernanda Aragão,372.810.465-53,67,1956-05-24,"favela de carvalho, 28
confisco
78293-561 porto / rs",ALAGOAS
João Guilherme Silva,820.673.951-30,73,1951-03-20,"praça caroline almeida, 19
conjunto bonsucesso
43369846 carvalho / df",RONDÔNIA
Lorena Rezende,753.801.692-95,73,1951-03-25,"lagoa de fogaça, 92
pantanal
50346-679 fogaça das pedras / mg",RONDÔNIA
Maria Sophia Da Cruz,690.235.147-34,68,1955-05-27,"vale ana julia porto, 19
alto barroca
44810-914 aragão / mg",ESPÍRITO SANTO
Milena Das Neves,685.910.324-89,93,1930-09-02,"residencial de cunha, 20
santana do cafezal
00664725 ramos de da conceição / pb",RIO GRANDE DO SUL
Kamilly Da Cunha,520.916.734-80,66,1957-06-21,"travessa lucca carvalho, 38
aeroporto
73024753 novaes / ro",RORAIMA
Luiz Miguel Aragão,937.652.018-12,54,1970-03-11,"aeroporto ana clara oliveira
indaiá
32077320 monteiro das flores / am",GOIÁS
Ana Laura Ribeiro,754.829.630-47,37,1986-11-14,"praia de da mata, 18
são jorge 3ª seção
06677252 melo verde / rj",SÃO PAULO
Lorena Da Mota,162.038.754-90,56,1967-05-22,"favela de azevedo, 62
lindéia
03359507 ribeiro paulista / ma",RIO GRANDE DO SUL
Emanuella Souza,617.392.540-07,78,1945-12-06,"loteamento ferreira, 493
lagoa
76527-079 barros de carvalho / pi",PARAÍBA
Cecília Pinto,498.105.627-30,24,1999-04-16,"campo vinicius campos, 2
conjunto são francisco de assis
98574-475 carvalho / mg",SANTA CATARINA
Pedro Henrique Cunha,584.906.723-00,45,1978-12-27,"condomínio bruna mendes, 55
pongelupe
35084954 dias / ce",AMAPÁ
Sra. Eloah Da Mota,901.387.625-03,32,1991-05-31,"loteamento freitas, 30
primeiro de maio
60294-574 correia do galho / sp",ACRE
Samuel Da Rocha,159.708.423-97,21,2002-05-03,"trecho de freitas, 8
vila piratininga venda nova
52726355 gonçalves / to",SERGIPE
Melissa Almeida,705.349.286-92,64,1959-08-13,"alameda de da rosa, 2
são salvador
19976-771 moreira / pe",MATO GROSSO DO SUL
Carlos Eduardo Da Mota,894.571.206-20,98,1925-08-08,"largo juliana barbosa, 182
concórdia
78949-350 da luz / rn",MATO GROSSO DO SUL
Dr. Vitor Da Mota,789.423.615-28,48,1975-05-17,"viela de da paz
minaslandia
66289973 da rocha da mata / pe",AMAZONAS
Dr. Diogo Costela,962.153.748-73,36,1987-09-28,"passarela joão lucas nogueira, 753
são pedro
30597-524 gonçalves / pe",RIO DE JANEIRO
Rafaela Rodrigues,578.129.034-60,80,1943-12-10,"campo vinicius silva, 27
lagoinha
89600340 oliveira / ac",AMAPÁ
Vitor Hugo Da Conceição,716.394.582-55,25,1998-04-30,"viaduto de castro, 65
jardim vitoria
59934-260 lima / rr",TOCANTINS
Ana Laura Caldeira,518.346.792-73,51,1972-10-28,"estrada de rocha, 305
lourdes
66547-572 freitas / pe",ALAGOAS
Dra. Laura Silveira,472.815.960-49,95,1928-12-23,"pátio lopes, 1
varzea da palma
21960284 moreira do galho / am",PIAUÍ
Sr. Rafael Pereira,492.853.701-79,86,1937-06-21,"recanto gustavo pereira, 77
santo antônio
41583781 teixeira / pe",TOCANTINS
Manuela Mendes,518.390.462-60,32,1992-02-25,"largo kevin barbosa, 2
vila da ária
11922167 farias / mg",PARÁ
Igor Lopes,073.482.961-22,29,1994-11-19,"recanto azevedo
vila cloris
93763674 alves de goiás / ce",SANTA CATARINA
Marcelo Moreira,346.801.792-87,49,1974-10-05,"trecho igor barros, 77
mariano de abreu
03314-220 martins do amparo / es",PERNAMBUCO
Thomas Costela,428.971.360-22,94,1930-03-08,"alameda de pinto
pousada santo antonio
23210876 silveira / rs",MINAS GERAIS
Luiz Otávio Gonçalves,637.820.451-90,63,1960-10-10,"trevo rezende, 51
bela vitoria
18388-150 mendes de porto / mg",PARAÍBA
Stella Da Costa,063.418.752-07,54,1969-12-25,"estação de freitas, 32
corumbiara
14711-167 teixeira / rr",CEARÁ
Luana Da Cruz,083.527.619-86,29,1994-10-12,"distrito rocha
luxemburgo
87202478 araújo / ce",MARANHÃO
Maria Cecília Lima,132.968.450-89,27,1996-12-02,"recanto silveira, 47
olhos d'água
47019155 ramos / es",RONDÔNIA
Melissa Teixeira,642.987.103-78,70,1953-11-03,"residencial de pires, 28
laranjeiras
90058-265 alves de oliveira / rs",SANTA CATARINA
Dr. Vinicius Pires,163.584.079-10,38,1986-02-05,"distrito de lopes, 397
alto dos pinheiros
64452311 caldeira das flores / ms",SÃO PAULO
Luiz Miguel Farias,962.834.750-00,87,1936-11-03,"feira cardoso, 21
conjunto minas caixa
66461-182 carvalho de goiás / rn",ALAGOAS
Breno Correia,148.592.607-67,40,1983-05-07,"conjunto daniel fernandes, 403
garças
71034367 da conceição do campo / go",MATO GROSSO DO SUL
Laís Costela,306.471.852-53,58,1966-01-18,"parque maitê santos, 42
boa viagem
72176802 ribeiro alegre / rs",SÃO PAULO
Dr. Diego Da Mata,293.810.754-41,20,2003-08-22,"quadra de da mota, 62
alto caiçaras
27102-258 rezende do galho / mg",SÃO PAULO
Letícia Da Mota,852.671.409-02,30,1993-05-24,"viaduto jesus, 11
conjunto jatoba
20417-169 alves de monteiro / df",RONDÔNIA
Luna Ferreira,843.729.051-14,54,1970-01-25,"alameda anthony fogaça, 11
mantiqueira
77508-379 aragão / rs",AMAPÁ
Dr. Emanuel Silveira,430.615.728-80,29,1994-04-23,"quadra de fogaça, 28
pantanal
51254-681 monteiro / pi",PIAUÍ
Lorena Sales,263.185.049-15,44,1979-12-26,"fazenda caldeira
satelite
32090552 freitas / am",MARANHÃO
Davi Da Mata,846.350.791-39,55,1969-02-19,"vila alves
jardim atlântico
71862-679 costa / df",DISTRITO FEDERAL
Isabel Melo,748.691.235-09,75,1948-12-28,"feira enrico nogueira, 1
itaipu
30458-005 peixoto / pb",MATO GROSSO
Raul Oliveira,298.671.453-64,93,1931-01-03,"rua pedro miguel da luz, 95
nossa senhora do rosário
81008796 moreira do amparo / pa",AMAZONAS
Levi Da Mata,192.507.348-32,61,1962-10-21,"vila de da mata
cônego pinheiro 2ª seção
25940-946 rodrigues / ce",PARÁ
Heloísa Castro,587.410.632-44,62,1961-05-15,"sítio de cardoso, 88
acaiaca
38458223 dias / rs",RIO GRANDE DO NORTE
Sra. Júlia Da Paz,046.725.893-74,37,1986-08-19,"jardim maria sophia ferreira, 95
vila nova paraíso
26195069 viana de rocha / ce",PARÁ
Luana Viana,213.679.850-21,26,1998-04-01,"praça de castro, 980
ernesto nascimento
34433-095 almeida / se",SERGIPE
Sr. Renan Sales,364.790.582-83,22,2001-04-17,"praça olivia silveira, 49
novo das industrias
30053-926 rezende de duarte / ac",ALAGOAS
Caio Aragão,714.325.068-62,22,2001-11-19,"área de barros, 86
boa esperança
10087-478 farias / rn",BAHIA
Srta. Lavínia Ribeiro,263.019.854-51,75,1948-11-19,"alameda gustavo henrique gonçalves, 50
beija flor
29914020 costa de minas / rj",SÃO PAULO
Sofia Da Mata,806.539.147-84,21,2002-05-16,"jardim de lopes, 7
planalto
72162-664 da luz / am",SANTA CATARINA
André Araújo,819.260.374-13,43,1980-04-26,"alameda de da mota, 94
vila paquetá
67514889 lima do oeste / ce",ACRE
Nathan Azevedo,285.976.143-82,85,1939-02-12,"lagoa milena ramos, 4
caiçara - adelaide
27571-728 cardoso grande / am",RORAIMA
Camila Teixeira,982.743.106-40,46,1977-08-13,"setor da cunha, 39
jardim montanhês
78862288 rocha / rj",PARANÁ
Srta. Clara Souza,510.347.682-71,25,1998-08-20,"área peixoto, 32
flavio de oliveira
00101-655 duarte de mendes / se",SANTA CATARINA
Yuri Nascimento,129.578.463-73,57,1966-09-28,"vereda matheus azevedo, 2
serrano
64023-772 vieira de ribeiro / ac",ESPÍRITO SANTO
Srta. Marcela Gonçalves,148.296.730-87,83,1940-11-03,"praia raul campos, 12
conjunto providencia
48882013 azevedo / ce",PARÁ
João Ramos,936.270.418-87,50,1973-08-28,"jardim enzo da paz, 47
vila ouro minas
27148341 cavalcanti de minas / pr",RIO GRANDE DO SUL
Renan Rocha,720.384.569-92,42,1981-10-08,"vale oliveira, 22
nova suíça
87931-582 sales / rs",MARANHÃO
Sr. Caio Souza,453.618.092-33,50,1973-07-02,"conjunto maria vitória da cunha, 59
serra do curral
73310638 duarte do campo / mg",PARAÍBA
Clarice Farias,743.692.081-22,55,1968-12-22,"alameda maria fernanda castro, 87
maravilha
46556-077 martins / pi",RORAIMA
Marcos Vinicius Jesus,597.862.304-00,72,1951-10-12,"praça de moraes, 588
nova america
32071661 da rocha do sul / pa",CEARÁ
João Pedro Nunes,910.853.462-42,34,1989-09-16,"jardim de ramos, 69
vila nova gameleira 3ª seção
22927152 martins grande / pa",MATO GROSSO
Levi Farias,659.421.730-52,45,1978-12-03,"quadra mendes, 42
vila pinho
14608-340 moreira / go",RIO GRANDE DO SUL
Dr. Enzo Da Costa,791.654.308-75,40,1983-05-07,"campo marcela silveira, 66
álvaro camargos
06681-952 alves do galho / am",SÃO PAULO
Heloísa Alves,029.178.345-79,86,1937-10-06,"fazenda de moraes, 637
buraco quente
54488894 ferreira de moreira / pr",PARAÍBA
Luiz Henrique Da Mota,842.957.163-91,20,2004-02-17,"recanto alves, 105
saudade
04473467 da mota de minas / rr",RONDÔNIA
Camila Caldeira,903.721.486-03,54,1969-04-23,"lago jesus, 71
frei leopoldo
96443895 duarte / ma",MATO GROSSO DO SUL
Arthur Mendes,918.452.370-05,50,1973-12-23,"esplanada cauã teixeira
jardim américa
82077031 monteiro do galho / sp",RONDÔNIA
João Felipe Campos,362.759.410-06,54,1970-03-28,"praia heitor castro, 6
jardim leblon
74490880 da paz de nunes / ms",MATO GROSSO
Guilherme Azevedo,174.509.362-16,61,1962-07-24,"viela benjamin campos, 1
pompéia
36240-367 mendes da prata / ce",DISTRITO FEDERAL
Dra. Laura Cunha,364.701.829-50,46,1977-12-22,"núcleo castro, 7
maria helena
76215-850 duarte / ba",RORAIMA
Noah Moraes,108.237.569-12,55,1969-04-03,"estrada lucas gabriel caldeira, 856
joão pinheiro
66574452 cardoso / mg",GOIÁS
Davi Lucca Lopes,260.158.347-90,33,1990-11-27,"trecho freitas, 427
alto dos pinheiros
16352-238 moura / ap",MARANHÃO
Sophia Da Cruz,621.439.805-15,39,1984-07-30,"via ribeiro
flavio de oliveira
85013933 lima das flores / pr",MATO GROSSO
Igor Da Luz,740.681.529-85,46,1977-12-16,"lago silva, 75
vila oeste
67901-491 cunha da serra / ac",BAHIA
Dr. Samuel Nascimento,692.581.734-73,86,1937-07-30,"travessa duarte, 59
brasil industrial
48304188 moreira de minas / ro",MATO GROSSO
Maria Fernanda Freitas,968.451.273-28,66,1957-08-10,"favela sarah porto
conjunto são francisco de assis
82565112 da rosa de goiás / df",TOCANTINS
Eduarda Costa,206.795.138-68,28,1995-10-31,"morro enzo gabriel teixeira, 84
mirtes
35827-828 nascimento / rs",DISTRITO FEDERAL
Lorenzo Monteiro,069.471.258-20,43,1980-07-16,"área da mota, 13
minas caixa
62104258 barbosa do sul / ap",MATO GROSSO DO SUL
Caroline Cardoso,618.307.245-17,51,1972-09-08,"viaduto de moreira, 1
vera cruz
02303138 gonçalves do norte / df",AMAZONAS
Henrique Da Rocha,329.504.167-99,21,2003-01-09,"núcleo luiz gustavo costela, 99
juliana
43635569 peixoto / se",MINAS GERAIS
Lucas Gabriel Oliveira,743.568.920-38,51,1972-08-04,"via araújo
são cristóvão
08165-622 peixoto de da rocha / se",RIO GRANDE DO SUL
Sr. Arthur Jesus,418.370.659-93,96,1927-05-27,"lago de cardoso
santa cecilia
78099-314 santos do norte / mg",MATO GROSSO
Marcos Vinicius Da Cunha,572.130.964-43,48,1976-01-16,"viaduto de cardoso
inconfidência
16426-137 castro / pa",AMAPÁ
Antônio Nogueira,061.387.542-71,19,2004-08-11,"quadra de da mata, 49
ouro minas
00289438 cavalcanti da prata / mt",PERNAMBUCO
Sophia Monteiro,601.245.398-15,90,1933-10-22,"núcleo araújo, 155
lindéia
82317-263 campos / pa",MINAS GERAIS
Dr. Leandro Silva,497.058.612-85,56,1967-12-07,"estação silva, 18
serra
11636951 das neves do amparo / am",PERNAMBUCO
Amanda Farias,185.243.670-08,99,1924-07-31,"praia lavínia moraes, 29
conjunto jatoba
41571-037 da luz / rj",RIO DE JANEIRO
Srta. Luna Peixoto,912.405.387-23,53,1970-12-14,"fazenda rafaela costela, 37
havaí
52291-254 rocha / ce",AMAPÁ
Sr. Igor Campos,183.502.746-62,54,1969-08-17,"fazenda ferreira, 849
lagoa
49587-081 vieira do norte / ap",TOCANTINS
Maria Sophia Correia,948.731.065-75,98,1925-10-03,"residencial alana dias, 51
vitoria
01961759 gomes de da cruz / to",TOCANTINS
Bruno Da Cruz,293.415.687-73,22,2001-06-02,"rua evelyn da cunha, 2
alta tensão 1ª seção
88048-422 da rocha do amparo / es",ESPÍRITO SANTO
Amanda Cavalcanti,351.698.247-00,55,1968-12-13,"fazenda de duarte, 99
são sebastião
38375-389 pires / ac",RORAIMA
Bruno Melo,721.469.053-52,58,1965-06-26,"trevo de da costa, 7
esplanada
45022-514 fernandes de costela / ac",RORAIMA
Dra. Elisa Nunes,875.013.249-05,35,1989-01-12,"vale erick moreira, 48
vila nova cachoeirinha 2ª seção
07868-934 da cunha / ap",RIO GRANDE DO NORTE
Calebe Ramos,942.816.307-40,59,1964-05-05,"parque de moraes, 36
gutierrez
82171525 peixoto de fernandes / to",RIO GRANDE DO SUL
Sr. Arthur Moraes,306.927.841-87,80,1943-10-01,"passarela lima, 87
jatobá
09721-169 viana alegre / rj",RORAIMA
Júlia Silveira,913.476.508-57,73,1950-11-18,"pátio vitor gabriel rocha
são joão batista
91484973 pereira da prata / sc",RIO DE JANEIRO
Sra. Isabelly Silva,732.568.049-00,34,1989-08-28,"rodovia agatha lopes, 7
vila são gabriel
31198992 da luz / df",PARÁ
Dr. Otávio Azevedo,457.821.069-30,79,1944-11-09,"aeroporto de ferreira, 2
santa helena
28302071 oliveira das flores / ce",PERNAMBUCO
Maria Cecília Aragão,264.571.809-49,99,1925-01-09,"trevo aragão, 535
salgado filho
51800-056 carvalho da prata / go",SÃO PAULO
Noah Da Rosa,742.960.813-22,58,1965-05-02,"avenida ferreira, 7
antonio ribeiro de abreu 1ª seção
17090-502 rodrigues / df",PERNAMBUCO
Sra. Laura Azevedo,540.326.187-71,37,1986-06-16,"viaduto marcelo ramos
universo
53602-558 cunha do galho / sp",RIO GRANDE DO NORTE
Dr. Francisco Moreira,702.483.165-08,24,1999-08-25,"núcleo silva, 7
jaraguá
74430032 silveira de goiás / ce",RONDÔNIA
Mariane Das Neves,912.546.308-05,44,1979-10-27,"rodovia de freitas, 782
parque são josé
53886812 das neves das flores / sc",PIAUÍ
Enzo Monteiro,309.546.872-56,33,1990-09-15,"quadra silveira, 76
joão paulo ii
90482-858 rezende dos dourados / mg",PIAUÍ
Diego Da Rocha,093.845.726-83,36,1988-01-24,"conjunto da rosa, 22
pindura saia
13568-214 ramos da serra / ms",PIAUÍ
Ana Laura Da Cruz,798.526.104-49,86,1937-04-28,"parque rodrigues
vila da amizade
99639-698 costa / ro",ESPÍRITO SANTO
Ana Sophia Gomes,384.961.725-46,44,1979-07-27,"lagoa porto, 44
unidas
73111211 alves / go",PERNAMBUCO
Ana Laura Costa,502.176.894-85,52,1971-08-17,"vila sales, 913
bela vitoria
24276968 monteiro / sp",RIO GRANDE DO SUL
Felipe Souza,187.950.346-84,55,1968-09-30,"setor peixoto, 47
palmeiras
57575529 da cruz / se",PARÁ
Luana Novaes,287.430.169-87,78,1945-12-05,"parque luiz gustavo da conceição, 34
santa margarida
94925-425 rodrigues alegre / rs",CEARÁ
Sra. Yasmin Nogueira,360.925.841-15,48,1975-10-29,"lago de rocha, 482
belmonte
74471-918 rocha da mata / pe",GOIÁS
Benício Melo,904.652.781-67,21,2002-12-07,"recanto maitê pereira
vila suzana primeira seção
94645-027 silva / df",RIO GRANDE DO NORTE
Daniela Aragão,726.304.851-53,58,1965-07-06,"feira otávio pereira, 93
piraja
78140-773 correia / rr",PARAÍBA
Davi Luiz Sales,740.692.138-13,44,1979-07-24,"trecho joão gabriel pires, 64
nova pampulha
61230820 souza da serra / rs",AMAPÁ
Milena Souza,904.358.126-70,85,1938-10-08,"praça de ribeiro, 9
santa inês
38053-049 azevedo / sp",BAHIA
Maria Eduarda Ferreira,438.256.190-60,74,1949-09-28,"passarela de caldeira
vila sesc
50710-500 cunha de dias / ap",RONDÔNIA
Sr. Diogo Lima,302.846.957-00,29,1994-12-06,"estrada danilo monteiro
conjunto califórnia ii
38793-887 da mata alegre / ba",MATO GROSSO
Dr. Carlos Eduardo Araújo,496.802.735-47,39,1984-11-09,"rodovia sophia rodrigues, 88
vila independencia 2ª seção
76814388 pires / rr",PARANÁ
Marina Gomes,934.587.620-00,98,1925-12-25,"lagoa souza
copacabana
16768543 monteiro / es",SANTA CATARINA
Gustavo Henrique Duarte,254.130.968-60,23,2000-05-29,"área ana sophia pereira, 32
minas caixa
69026-029 caldeira do oeste / to",MINAS GERAIS
Caio Ramos,832.941.657-73,27,1996-11-06,"viaduto de sales, 92
buraco quente
13458-643 nunes / al",PARAÍBA
Rafael Nunes,462.971.358-19,88,1935-04-10,"núcleo monteiro, 504
são bernardo
15990-096 porto / to",MATO GROSSO
Enzo Gabriel Cardoso,726.801.549-67,37,1987-01-26,"núcleo ribeiro
vila nova cachoeirinha 1ª seção
13917300 ferreira das flores / pe",SÃO PAULO
Davi Cardoso,065.781.243-90,18,2005-07-25,"praça ana júlia rezende, 38
vila coqueiral
41709963 silveira / pa",RIO GRANDE DO SUL
Daniel Pires,274.530.968-47,39,1984-06-13,"avenida bruna rodrigues, 724
diamante
12678-518 rezende do galho / es",PARAÍBA
Brenda Da Mata,532.841.679-19,44,1980-02-29,"pátio rocha, 75
havaí
43098627 da cunha / ac",CEARÁ
Samuel Dias,852.910.634-24,38,1985-11-17,"viaduto enzo gabriel moreira, 72
vila real 2ª seção
01069636 sales de goiás / ce",RIO GRANDE DO NORTE
Gustavo Henrique Da Costa,917.230.485-50,19,2005-03-08,"residencial ribeiro, 60
flamengo
74294090 ribeiro / ro",ALAGOAS
Theo Fogaça,091.584.236-05,48,1975-06-26,"travessa cardoso, 95
alta tensão 1ª seção
42836-344 lima / mt",ACRE
Sra. Alexia Carvalho,483.106.527-71,24,2000-03-31,"quadra lorenzo pires
vila olhos d'água
03485618 da rosa de correia / ac",RONDÔNIA
Juliana Martins,432.807.956-56,84,1939-06-04,"campo de souza
vila jardim são josé
04692667 carvalho / rr",BAHIA
Luiz Gustavo Da Rosa,280.753.914-97,85,1938-06-09,"via de da paz, 5
dona clara
30465-337 oliveira de goiás / al",PARANÁ
Gabriela Freitas,367.520.481-26,30,1994-03-10,"trevo carvalho, 9
grajaú
40077-715 moraes da serra / ba",RIO GRANDE DO NORTE
Enzo Gabriel Vieira,812.564.079-76,22,2002-01-28,"travessa novaes
boa vista
29032951 aragão / to",RIO DE JANEIRO
Srta. Luna Nascimento,815.732.049-60,69,1954-06-13,"passarela de nascimento, 916
joão paulo ii
86360-200 duarte do amparo / al",RIO DE JANEIRO
Sophie Da Mata,971.238.045-97,70,1953-04-10,"avenida de almeida, 78
vila atila de paiva
41400947 da cunha / al",MARANHÃO
Clarice Alves,973.846.520-65,22,2001-12-02,"avenida heloísa costa
cabana do pai tomás
54742254 cavalcanti / ac",MATO GROSSO
Catarina Rodrigues,138.640.975-84,84,1939-11-26,"núcleo farias, 97
lourdes
55915-124 gomes de souza / rr",PARANÁ
Antônio Vieira,017.236.854-53,89,1934-10-25,"favela de lopes, 473
lagoinha leblon
41398-890 peixoto / pr",SERGIPE
Dr. Nicolas Da Conceição,105.236.748-80,25,1998-06-04,"quadra mariana costela, 87
grajaú
64615642 ferreira / ba",RORAIMA
Maria Alice Da Costa,290.738.654-92,88,1936-02-17,"rua cardoso, 76
olhos d'água
25842688 barros alegre / ma",AMAPÁ
Sr. Lucca Martins,906.435.128-70,56,1967-08-30,"pátio paulo da rosa, 93
belvedere
57898-196 melo / to",TOCANTINS
João Pedro Costa,532.940.718-41,68,1955-09-12,"feira cardoso
conjunto minas caixa
88969-195 da mata / rn",CEARÁ
Maitê Gonçalves,034.719.856-20,97,1926-09-20,"distrito giovanna rodrigues, 37
marieta 3ª seção
62839-349 da mata / pr",ACRE
Ana Laura Ferreira,326.490.578-74,72,1952-01-29,"estrada de ramos
garças
28169898 santos das pedras / ro",PARANÁ
Sabrina Da Mata,172.548.960-02,30,1994-01-31,"viela de moraes, 56
vila maria
42762903 fogaça de goiás / ms",RIO GRANDE DO SUL
Alexandre Das Neves,183.904.625-24,93,1930-07-19,"área de novaes, 52
itapoa
66232412 fogaça do oeste / es",ACRE
Isadora Da Cunha,471.928.063-31,54,1969-08-31,"viaduto freitas, 622
jardim atlântico
10686-144 da rocha paulista / pe",MINAS GERAIS
Dr. Luigi Fernandes,834.265.197-55,72,1951-07-16,"distrito thomas pires, 77
bairro das indústrias ii
44279-855 da cunha / mt",AMAPÁ
Sr. Yago Cavalcanti,758.901.423-05,93,1931-03-01,"estrada melo
vila independencia 3ª seção
33664610 cardoso / am",AMAPÁ
Carolina Peixoto,396.720.418-96,63,1960-06-26,"loteamento dias, 21
camponesa 1ª seção
82741936 da rosa / rn",AMAZONAS
Ana Lívia Porto,067.412.835-44,74,1949-09-26,"colônia vieira, 6
milionario
96648865 moraes / se",MATO GROSSO DO SUL
Henrique Da Mata,896.724.305-74,33,1990-12-25,"aeroporto vinicius rezende, 18
conjunto são francisco de assis
55527-291 da paz do campo / pr",RIO DE JANEIRO
Enrico Aragão,490.851.376-75,93,1930-06-30,"praça almeida, 95
vila novo são lucas
69709-867 moraes / ap",BAHIA
Milena Cavalcanti,523.064.179-70,25,1998-09-15,"trecho kevin castro, 70
são geraldo
98131993 sales / pr",TOCANTINS
Davi Lucca Melo,731.984.025-14,96,1928-02-22,"passarela kamilly moreira, 704
cardoso
41864-156 da cunha / sp",GOIÁS
Clarice Fernandes,192.763.485-73,87,1936-12-27,"vereda jesus, 7
esplanada
50230404 teixeira verde / sp",PARÁ
Dr. Luiz Fernando Das Neves,146.387.259-37,58,1966-02-21,"viaduto de martins, 24
vila antena
55987-196 araújo do amparo / ro",CEARÁ
Caio Azevedo,428.759.361-82,73,1951-03-04,"largo cardoso, 23
vila nova gameleira 2ª seção
29717727 ferreira / al",SÃO PAULO
Enrico Novaes,457.692.038-38,73,1950-11-08,"vila heloísa barbosa, 666
conjunto são francisco de assis
19537340 farias / rn",PARÁ
Ana Clara Moreira,075.412.368-53,87,1936-12-15,"residencial de aragão
andiroba
91004-368 cardoso / sc",PIAUÍ
Enrico Ribeiro,965.734.108-66,26,1998-02-24,"loteamento lopes, 2
vila satélite
54279721 ramos da prata / ce",PARANÁ
Evelyn Aragão,548.372.061-07,85,1938-04-19,"estrada rebeca caldeira, 440
marçola
11027-170 freitas grande / go",ESPÍRITO SANTO
Thales Moreira,406.135.728-07,63,1960-07-31,"quadra farias
jardim guanabara
71294724 caldeira / ro",RORAIMA
Heitor Mendes,097.426.351-61,56,1968-01-13,"lagoa de farias
alta tensão 2ª seção
86838429 pires / al",AMAZONAS
Sarah Nascimento,938.574.026-10,40,1983-05-14,"largo de da costa, 400
vila jardim alvorada
20608-388 cardoso de cardoso / ce",RONDÔNIA
Sra. Yasmin Melo,510.274.968-49,18,2005-07-22,"loteamento almeida, 821
conjunto santa maria
15401946 nunes de goiás / to",PERNAMBUCO
Sr. Marcelo Costela,895.603.427-38,23,2000-08-16,"chácara clarice da costa, 135
cardoso
90569-230 da luz verde / ba",PIAUÍ
Maria Cecília Araújo,752.943.601-52,76,1948-03-20,"distrito nathan melo, 3
universitário
45685584 almeida / pa",MINAS GERAIS
Enzo Gabriel Ribeiro,965.231.708-02,63,1960-06-20,"recanto nunes, 87
vila união
40623-455 moura / ap",RORAIMA
Miguel Da Rosa,168.907.235-03,43,1980-04-24,"esplanada carvalho, 8
paulo vi
43997-378 correia / ce",GOIÁS
Maria Vitória Ferreira,914.863.027-69,23,2000-11-09,"lago lima, 6
providencia
64509-958 porto / sp",CEARÁ
Sr. Vitor Gabriel Gomes,348.902.157-60,48,1975-11-29,"vale costela, 49
jonas veiga
14400-610 nogueira / mt",ALAGOAS
Bianca Pinto,541.908.362-06,80,1943-05-29,"lagoa sales, 43
vila santa monica 2ª seção
48899443 jesus / al",GOIÁS
Igor Melo,519.307.648-39,97,1927-03-31,"viaduto nogueira
grota
13502920 ferreira do norte / ro",SÃO PAULO
Sra. Vitória Carvalho,528.049.736-38,35,1989-02-20,"jardim fernanda moura, 767
cdi jatoba
32504010 moreira dos dourados / am",MATO GROSSO
Sofia Duarte,412.835.697-28,18,2005-07-09,"morro isaac freitas, 543
vila nova cachoeirinha 2ª seção
97116686 costela / rr",RIO GRANDE DO NORTE
Brenda Nogueira,160.294.358-33,56,1967-07-23,"pátio de almeida, 4
mala e cuia
08990015 aragão da mata / to",AMAZONAS
Rafael Fogaça,569.137.028-68,93,1931-03-04,"setor de da rosa, 401
nova vista
61631-368 cavalcanti do amparo / sp",MARANHÃO
Ana Nascimento,295.701.634-61,72,1951-11-22,"chácara de martins, 14
nossa senhora do rosário
72885-747 moreira / rn",AMAPÁ
Dr. Juan Da Rocha,475.683.021-80,74,1949-10-02,"ladeira de da mota, 16
vila jardim leblon
67696-414 nascimento do amparo / mt",AMAZONAS
Ana Laura Rocha,531.672.409-70,32,1992-01-11,"sítio thomas rodrigues, 41
são damião
21922138 pinto / al",PIAUÍ
Maria Alice Da Rocha,906.324.817-22,90,1933-12-22,"travessa de correia, 46
guarani
34453-251 souza / ac",SÃO PAULO
Elisa Lopes,790.412.658-30,99,1924-07-02,"passarela alexandre da cunha
vila coqueiral
15467-423 cunha / rr",MATO GROSSO
Davi Lucca Pereira,597.038.421-60,70,1954-01-28,"jardim de barros, 16
vila califórnia
19490812 teixeira alegre / ce",AMAZONAS
Marina Fogaça,410.275.689-20,61,1962-04-07,"praça luiz henrique correia, 81
guaratã
57294-260 pereira / pe",GOIÁS
Bernardo Ramos,105.689.243-98,80,1943-09-03,"lagoa luiza gonçalves, 979
piratininga
04066541 da mata / se",AMAPÁ
Ana Lívia Lopes,971.503.862-02,63,1960-11-10,"parque de barbosa, 57
anchieta
16750-400 lima / go",CEARÁ
Miguel Silva,920.437.568-00,40,1984-02-28,"ladeira das neves, 9
nova floresta
61985548 carvalho do sul / pe",RONDÔNIA
Sr. Arthur Da Cruz,693.084.275-38,83,1940-06-24,"lago de cavalcanti
vila betânia
10086-430 nunes / to",SERGIPE
Julia Da Mota,571.402.968-20,75,1948-09-30,"feira nogueira, 68
santo antônio
23309816 da cunha do campo / to",RIO DE JANEIRO
Agatha Rocha,853.279.160-30,52,1971-11-01,"setor de dias
são benedito
48841767 sales da serra / rs",ALAGOAS
Isabel Cardoso,608.127.493-40,95,1928-08-11,"campo da mata, 42
morro dos macacos
65731-340 santos / mg",MATO GROSSO DO SUL
Marcos Vinicius Moura,451.293.876-19,64,1959-11-29,"parque dias, 687
paulo vi
49685-024 mendes / pr",RIO DE JANEIRO
Levi Da Cunha,718.469.350-75,98,1925-04-28,"colônia de viana, 6
pongelupe
67120-856 jesus alegre / se",ALAGOAS
Cauã Vieira,427.103.569-61,76,1947-07-29,"via da mata
bernadete
38006-140 campos / ro",PIAUÍ
Maria Alice Ferreira,105.239.746-80,37,1986-05-01,"praça de duarte, 194
guarani
14287-231 campos das flores / mt",AMAPÁ
Dra. Isabelly Souza,725.469.810-30,33,1990-05-23,"campo de moura, 60
primeiro de maio
96794431 martins grande / rn",DISTRITO FEDERAL
Heitor Rezende,174.689.053-39,72,1951-09-28,"área duarte, 628
conjunto lagoa
02753538 caldeira / rr",ACRE
Maria Vitória Jesus,493.861.520-70,47,1977-02-16,"sítio de moura, 13
paraíso
39110-733 souza do norte / rs",RORAIMA
Emanuel Duarte,762.084.591-76,21,2003-02-23,"rua de fogaça, 71
ouro preto
35703-947 da paz da mata / am",SANTA CATARINA
Ian Lima,163.458.907-66,86,1937-07-05,"rua de martins, 9
união
15652-188 castro / ac",RORAIMA
Vitor Alves,687.901.342-22,27,1996-06-13,"esplanada ana laura oliveira, 667
ribeiro de abreu
79395-958 farias das flores / df",DISTRITO FEDERAL
Rafael Ramos,946.581.073-84,69,1954-05-17,"esplanada almeida, 4
vila fumec
39123310 silveira grande / pr",ALAGOAS
Ryan Da Cunha,412.637.059-52,86,1937-11-04,"morro de cardoso
camponesa 2ª seção
49627-572 dias de da paz / go",SERGIPE
Maria Da Cunha,539.201.486-06,77,1946-10-07,"residencial de duarte
vila união
83800-181 jesus do sul / pe",RIO DE JANEIRO
Srta. Milena Cardoso,832.047.961-40,66,1958-03-07,"praça almeida, 71
capitão eduardo
13730300 ferreira dos dourados / rj",BAHIA
Bryan Ramos,043.619.582-89,30,1993-10-30,"praia costa, 35
jardim leblon
29456317 lopes / go",RORAIMA
Luigi Santos,273.940.165-52,37,1987-01-04,"via luigi peixoto, 61
são gabriel
48847273 porto da mata / ap",AMAPÁ
Isabella Duarte,023.856.714-17,43,1980-09-28,"estrada diogo da mata, 91
vila nova cachoeirinha 3ª seção
89436-034 vieira do oeste / pi",ESPÍRITO SANTO
Sophie Azevedo,214.796.580-49,97,1926-08-11,"rua kaique freitas, 8
universo
75626-745 barros / rr",AMAZONAS
Matheus Carvalho,592.863.174-09,60,1963-08-31,"viela de almeida
união
65843844 barbosa / rn",MINAS GERAIS
Júlia Da Cruz,714.093.856-39,94,1930-02-12,"lagoa joão pedro alves
das industrias i
30340295 oliveira de goiás / pb",GOIÁS
Vitor Peixoto,489.215.063-06,76,1947-07-24,"trevo de cardoso, 40
vale do jatoba
22565-264 da cunha do norte / rs",MATO GROSSO DO SUL
Amanda Castro,305.817.249-41,43,1980-04-05,"favela erick pereira, 672
vila copacabana
16489668 barros / am",RORAIMA
Lucas Lima,240.719.568-01,91,1932-06-16,"vale igor castro, 928
maravilha
19728761 pereira do oeste / ba",BAHIA
Raquel Ramos,052.793.146-25,66,1957-10-16,"vereda de costa, 27
madre gertrudes
11830634 gonçalves / rn",RORAIMA
Dra. Rebeca Nascimento,431.987.625-37,82,1941-04-07,"residencial nogueira, 954
vila oeste
79622-042 sales do norte / pb",TOCANTINS
Theo Da Conceição,846.571.329-46,29,1995-03-22,"fazenda maria ribeiro, 81
vila são paulo
48192917 silva / se",ACRE
Thiago Da Cunha,631.409.258-24,90,1933-06-08,"viela de aragão, 291
união
68336231 moraes de pires / rj",RONDÔNIA
Davi Lucas Moreira,169.854.207-02,59,1964-12-30,"estrada de da costa, 92
vila do pombal
01699471 nascimento de cavalcanti / pa",SERGIPE
Helena Costela,950.372.681-68,28,1996-02-01,"colônia de fogaça, 78
vila aeroporto jaraguá
63760-406 rezende da praia / ac",RORAIMA
Beatriz Peixoto,243.718.069-96,80,1943-04-11,"campo de moura, 904
alto caiçaras
12573-093 da costa de souza / pe",BAHIA
Luigi Fernandes,846.057.921-20,48,1976-02-02,"estação igor cunha, 21
pilar
56540380 peixoto / pb",RORAIMA
Gabrielly Almeida,831.540.927-14,66,1958-01-11,"estrada da conceição, 23
indaiá
00460-397 pires de pereira / ms",PARÁ
Samuel Sales,439.526.781-55,75,1948-08-19,"morro de costela, 73
vila da luz
54910873 da rosa / mg",RONDÔNIA
Dr. Otávio Costa,095.216.837-59,36,1987-08-09,"chácara da conceição, 2
juliana
64511082 campos das flores / ba",CEARÁ
Srta. Ana Beatriz Da Mata,429.807.615-67,91,1933-01-28,"feira de martins, 79
vitoria da conquista
46900111 campos alegre / pa",ALAGOAS
João Rodrigues,594.081.276-76,25,1999-02-19,"colônia duarte, 56
marmiteiros
09414-573 vieira de lopes / pe",PERNAMBUCO
Nathan Farias,521.097.438-32,39,1985-01-12,"travessa joana gonçalves, 44
lajedo
43222-218 barbosa / al",MATO GROSSO
Dr. Rafael Pereira,581.967.342-55,56,1967-07-15,"sítio isis campos, 81
distrito industrial do jatoba
70530-763 da cunha grande / ac",AMAPÁ
Júlia Pereira,871.263.590-12,29,1995-02-08,"lagoa santos
petropolis
36901-640 da cunha / mt",BAHIA
Dra. Laura Barbosa,031.769.482-04,67,1956-12-23,"ladeira de moura, 84
nova suíça
58827544 almeida de da mota / rr",MINAS GERAIS
Juliana Pinto,385.410.967-93,70,1953-12-18,"rodovia sales, 21
vila canto do sabiá
79051-262 mendes / pi",RIO GRANDE DO SUL
Joana Monteiro,138.960.745-39,55,1968-09-29,"parque de costela, 668
aguas claras
24355112 duarte / to",ACRE
Dr. Yago Da Rocha,698.157.432-28,75,1948-06-15,"fazenda cavalcanti, 859
alto barroca
69950997 rezende de goiás / mt",RONDÔNIA
Miguel Nogueira,869.312.407-22,56,1967-07-12,"quadra de ferreira
cenaculo
49974-369 barbosa alegre / pi",PIAUÍ
Isadora Da Rocha,725.134.690-70,95,1929-02-20,"via igor da mata, 81
laranjeiras
85218769 correia / es",AMAPÁ
Clara Costela,380.179.245-50,81,1942-07-13,"trevo joão pedro araújo, 7
sagrada família
68500851 cardoso do amparo / df",ALAGOAS
Dr. Enzo Gabriel Rocha,473.526.019-61,62,1962-04-03,"condomínio da cunha, 4
unidas
30425743 barbosa / pa",ALAGOAS
Maysa Monteiro,615.387.024-44,94,1929-10-27,"parque henrique teixeira, 32
grotinha
57134822 cunha do sul / rr",SANTA CATARINA
Maria Alice Da Rosa,710.863.549-66,29,1994-05-09,"vereda silveira, 8
bom jesus
17672142 costa paulista / rr",PARAÍBA
Maysa Lopes,196.075.284-76,60,1963-05-30,"avenida de araújo, 28
esplanada
01624-960 silva verde / rs",MATO GROSSO
Srta. Yasmin Jesus,586.104.732-44,91,1932-05-28,"fazenda letícia costela, 6
petropolis
61073-640 cardoso do campo / am",PARÁ
Mariana Costela,372.684.905-00,38,1985-11-09,"campo peixoto, 75
independência
20101298 sales / sc",RIO GRANDE DO NORTE
Clara Almeida,842.609.735-92,35,1988-11-23,"parque eloah costa, 91
são geraldo
63810102 da cunha / rs",ALAGOAS
Sofia Aragão,687.231.504-08,35,1988-08-13,"rua de santos, 955
ambrosina
57866655 silveira de costela / rs",MATO GROSSO DO SUL
Elisa Barros,546.180.379-20,27,1997-01-19,"estrada sales, 13
jardim felicidade
75253131 silveira grande / rn",ESPÍRITO SANTO
Joana Silva,349.051.867-57,24,1999-09-19,"chácara miguel fogaça
laranjeiras
52800515 souza verde / pe",PERNAMBUCO
Lorenzo Porto,812.943.670-13,63,1960-05-14,"avenida de araújo, 1
nossa senhora da aparecida
80268064 farias do norte / go",MINAS GERAIS
Vitória Barbosa,583.672.910-77,47,1976-10-19,"vale de monteiro, 267
marieta 2ª seção
18778381 rocha de novaes / es",SÃO PAULO
Alícia Da Rosa,035.689.421-51,83,1940-04-05,"trecho luana barros, 338
santa maria
59886-064 oliveira dos dourados / mg",MARANHÃO
Lucas Monteiro,739.164.508-75,97,1926-12-11,"parque enzo almeida, 62
piratininga
40855025 mendes de cardoso / ac",ALAGOAS
Rodrigo Caldeira,816.723.954-37,47,1976-12-22,"condomínio joana lima
piratininga
68175-021 aragão / mt",BAHIA
Luna Rezende,456.197.830-57,51,1972-05-21,"esplanada matheus da costa, 90
paulo vi
45629272 da cunha do sul / rn",RORAIMA
Diogo Rezende,680.419.253-24,80,1943-12-01,"residencial novaes, 84
vila da amizade
20541475 souza / pi",BAHIA
Anthony Da Costa,805.693.271-21,65,1959-01-09,"praia ian da mota, 383
nova cintra
10778-914 azevedo / ro",SANTA CATARINA
Maria Cecília Vieira,716.239.854-55,58,1965-07-10,"rodovia emanuel da cruz
nova esperança
55412380 barbosa / pe",AMAZONAS
Sra. Maria Julia Novaes,019.487.625-01,42,1981-04-27,"ladeira da cruz, 635
coqueiros
88216574 cavalcanti da serra / ba",PARAÍBA
João Pedro Peixoto,243.158.976-55,64,1960-02-10,"trecho cavalcanti, 3
acaba mundo
20198027 cardoso / pr",ACRE
Alana Fernandes,198.257.643-09,47,1976-08-29,"estação rocha, 975
marieta 2ª seção
56651-581 cavalcanti de silveira / sc",TOCANTINS
Sra. Mirella Rezende,247.910.538-50,50,1973-08-29,"vale de cavalcanti, 98
vila havaí
39064-438 da mota / es",ACRE
Gabrielly Moreira,608.432.751-62,52,1971-09-18,"lago caldeira, 363
barão homem de melo 1ª seção
77549-927 cardoso / am",MATO GROSSO
Sra. Sofia Souza,605.384.719-48,90,1933-06-14,"vila gomes, 366
serra
76107-117 da costa / pb",GOIÁS
Mariane Melo,735.619.820-77,74,1949-12-16,"rodovia ana beatriz cardoso, 97
etelvina carneiro
35020-490 da costa grande / pr",SANTA CATARINA
Lorena Souza,048.652.197-49,36,1987-06-15,"vereda sales, 83
ouro minas
23049-591 da mata / al",AMAPÁ
Fernando Da Mata,280.156.437-08,27,1996-06-30,"ladeira clara da cruz, 37
aparecida 7ª seção
12075780 mendes de pires / pb",PIAUÍ
Laura Cardoso,821.405.736-17,29,1994-04-26,"setor de costa, 1
nova america
31050205 da conceição / es",ALAGOAS
Marina Da Cruz,724.183.650-26,51,1972-06-21,"avenida castro, 718
santo agostinho
39257-743 sales paulista / pe",PIAUÍ
Maria Rocha,163.247.980-03,39,1984-11-02,"recanto isabel da conceição, 6
vila madre gertrudes 4ª seção
17777517 dias / rs",MATO GROSSO DO SUL
Pedro Henrique Almeida,318.764.950-57,46,1977-08-25,"núcleo de rodrigues, 95
maria virgínia
67632-408 jesus / am",AMAPÁ
Dr. Davi Luiz Nunes,604.579.123-16,88,1935-08-19,"setor de barros, 58
vila ouro minas
24854-759 rodrigues / sp",AMAPÁ
Vitor Gabriel Costela,175.409.326-43,56,1967-04-15,"praia pietra caldeira, 60
túnel de ibirité
60413-374 da mota dos dourados / go",MATO GROSSO DO SUL
Dr. Luigi Barbosa,641.739.085-39,99,1924-11-24,"quadra yasmin caldeira, 4
salgado filho
37428997 moreira do galho / pe",DISTRITO FEDERAL
Rodrigo Azevedo,687.410.953-75,22,2001-12-06,"praia de nogueira
califórnia
47799937 rodrigues / es",MINAS GERAIS
Pedro Henrique Cardoso,324.017.958-04,50,1973-05-31,"rua de castro, 65
vila jardim são josé
53839-720 fernandes paulista / pa",ESPÍRITO SANTO
Sr. João Cardoso,032.758.964-74,19,2005-03-03,"pátio antônio da mota, 79
maria virgínia
80967-589 da luz / pr",GOIÁS
Maria Julia Nunes,381.756.402-35,76,1947-10-09,"setor de ferreira
lorena
53700673 da luz / rn",MATO GROSSO
Fernanda Duarte,453.216.980-15,23,2000-10-31,"vereda da rocha, 6
bandeirantes
97565092 rodrigues do galho / ma",AMAZONAS
Marcos Vinicius Oliveira,280.153.796-95,81,1943-03-02,"parque de azevedo, 8
lagoinha leblon
23921-386 alves / al",MATO GROSSO DO SUL
Leandro Aragão,124.573.098-32,99,1924-10-17,"campo gabriela rodrigues, 9
piraja
67344423 porto do amparo / ac",RONDÔNIA
Maria Alice Vieira,832.506.714-44,68,1955-05-04,"via nogueira, 82
andiroba
03233-852 moraes / se",ALAGOAS
Ana Luiza Jesus,541.896.327-91,65,1958-06-14,Endereco nao encontrado,BAHIA
Guilherme Cardoso,197.582.630-21,72,1952-03-27,"trevo nicole da cruz, 7
conjunto providencia
11509884 cavalcanti de minas / rs",SANTA CATARINA
Luiz Felipe Azevedo,439.160.725-52,49,1975-03-19,"campo erick fernandes, 464
são benedito
76887327 campos de mendes / ac",RIO GRANDE DO NORTE
Nathan Araújo,813.402.695-89,60,1963-06-14,"quadra de martins
nazare
23016-369 oliveira de minas / am",PARANÁ
Clara Ferreira,467.319.852-28,79,1945-01-22,"fazenda de ferreira, 76
conjunto paulo vi
54239086 nunes / ms",GOIÁS
Felipe Da Mata,634.920.187-69,85,1938-12-02,"estrada gabrielly rocha, 634
ouro minas
95202077 viana / pa",RONDÔNIA
Enzo Gabriel Azevedo,789.531.604-48,67,1956-04-27,"estação cardoso, 175
barão homem de melo 1ª seção
09804148 gonçalves do galho / sc",PARÁ
Maitê Barbosa,231.648.705-07,20,2003-05-18,"estrada duarte, 37
marmiteiros
24369771 ribeiro do galho / ms",DISTRITO FEDERAL
Srta. Isis Da Cruz,073.618.249-78,89,1934-08-30,"praia moreira, 20
são jorge 2ª seção
94716-893 duarte da mata / to",RONDÔNIA
Otávio Da Mata,835.072.469-29,51,1972-05-06,"largo de da cruz, 431
mangueiras
02714780 azevedo / to",PARANÁ
Sophie Castro,165.328.479-09,40,1983-05-27,"trevo de moraes, 78
bairro das indústrias ii
45125491 sales / to",RIO GRANDE DO NORTE
Diogo Da Cunha,263.895.041-60,33,1990-05-29,"distrito kaique costa, 17
novo glória
46996567 souza do galho / rj",MARANHÃO
Benício Fernandes,389.160.527-77,30,1993-09-13,"condomínio da cunha, 964
conjunto califórnia i
67255-410 da cruz / es",ALAGOAS
João Pedro Silva,523.846.091-06,45,1978-12-25,"praia de almeida, 38
vila nova gameleira 3ª seção
54576-192 vieira da prata / mg",PERNAMBUCO
Heloísa Cunha,260.935.487-83,20,2003-11-15,"aeroporto santos, 94
ademar maldonado
41937-961 moraes do sul / pi",PERNAMBUCO
Bruno Novaes,190.734.658-93,72,1951-04-05,"alameda de da mata, 18
barroca
13387129 gomes / ms",AMAPÁ
Levi Cavalcanti,291.367.458-55,80,1944-03-25,"aeroporto aragão, 8
guarani
57857653 rocha / df",BAHIA
João Pedro Lopes,407.389.216-96,53,1970-04-15,"vereda daniel gonçalves, 6
bacurau
96830-555 cardoso / pb",SÃO PAULO
Heloísa Da Luz,569.471.830-57,61,1963-01-03,"conjunto de cunha, 63
estrela
07472157 almeida alegre / sp",RONDÔNIA
Lorena Gomes,298.036.457-65,20,2004-03-18,"rodovia de cavalcanti, 47
capitão eduardo
09605665 ribeiro / ap",SERGIPE
Milena Vieira,623.518.490-51,97,1927-01-05,"loteamento thiago fernandes, 51
graça
12694-138 martins / pb",DISTRITO FEDERAL
Milena Ramos,160.527.493-34,46,1977-09-06,"praça breno ribeiro
vista do sol
12554-127 viana de jesus / pb",SÃO PAULO
Vitor Hugo Ramos,286.790.413-78,73,1951-02-14,"viela alice nogueira, 65
olaria
24640044 duarte verde / ma",DISTRITO FEDERAL
Ana Julia Nascimento,197.034.862-31,63,1960-10-04,"aeroporto cavalcanti
coqueiros
47705002 farias / se",PARÁ
Dr. Enrico Carvalho,254.079.386-00,54,1969-04-10,"travessa de santos
garças
00882775 nogueira do oeste / mt",PERNAMBUCO
Vitor Hugo Cunha,701.638.549-39,91,1933-02-02,"passarela isis porto, 38
capitão eduardo
59540065 da cruz / pa",SANTA CATARINA
Dr. Samuel Moura,402.517.398-05,22,2001-11-24,"parque daniel pinto, 7
vista alegre
12655421 gomes da praia / mt",DISTRITO FEDERAL
Luana Nascimento,314.726.089-50,30,1993-12-13,"vila letícia da paz, 17
marajó
64325-663 costa / ce",MATO GROSSO DO SUL
Dra. Maria Vitória Viana,250.397.846-00,98,1926-03-20,"colônia de moura
morro dos macacos
29779-356 campos / pr",PERNAMBUCO
Sr. Calebe Duarte,936.124.087-04,60,1963-05-07,"alameda joão pedro castro, 14
vila fumec
55701851 mendes / am",BAHIA
Leonardo Costela,624.850.739-29,31,1992-11-16,"via de jesus
caetano furquim
82505-115 costa do galho / mg",MARANHÃO
Benício Moreira,136.294.085-24,44,1980-01-21,"feira marcos vinicius da cruz, 317
leonina
67749-105 teixeira / ma",DISTRITO FEDERAL
Lucca Mendes,819.720.564-76,83,1940-10-16,"via de ferreira, 44
cidade jardim
02171-958 da cunha das flores / mg",AMAPÁ
Sophie Farias,741.608.539-00,87,1936-05-09,"aeroporto de ribeiro, 65
mariquinhas
76708298 aragão de silveira / am",SÃO PAULO
Bruna Da Rocha,845.291.376-19,62,1961-06-10,"loteamento otávio freitas, 74
camponesa 2ª seção
58449619 viana do amparo / to",MATO GROSSO
Heitor Nascimento,493.578.106-84,81,1942-06-30,"área maria fernanda pinto
nova pampulha
46952516 cunha / mt",ACRE
Rafael Porto,629.875.103-30,27,1996-04-24,"alameda da mata, 64
vila boa vista
13036-905 gonçalves / mg",ESPÍRITO SANTO
Luiz Miguel Da Paz,647.531.029-80,30,1993-06-20,"estrada de ribeiro, 73
buritis
43666-726 da paz da mata / mg",PARAÍBA
Srta. Pietra Duarte,913.870.246-04,95,1928-07-02,"aeroporto de nascimento, 13
pongelupe
16189813 ramos da serra / pr",RORAIMA
Eloah Cunha,908.156.243-60,22,2001-10-13,"chácara de costa, 62
aparecida
43036-509 fogaça / pi",PERNAMBUCO
Bruna Rodrigues,625.170.489-67,21,2002-04-06,"campo da costa, 719
olaria
49786000 fogaça da mata / go",RIO GRANDE DO NORTE
Felipe Monteiro,172.589.603-68,97,1926-12-21,"quadra de monteiro, 43
novo das industrias
16650333 gomes de araújo / ce",AMAZONAS
Isis Campos,178.409.325-41,38,1986-01-03,"estrada pereira
vila batik
49494827 fernandes / pe",RIO GRANDE DO SUL
Vitor Novaes,586.721.034-08,77,1946-07-07,"lagoa de da rocha, 60
jardim atlântico
97946895 da cruz de melo / pi",SÃO PAULO
Yago Porto,907.486.135-01,42,1981-07-29,"parque alícia cavalcanti, 234
vila piratininga
01007-185 alves / ce",TOCANTINS
Guilherme Campos,354.908.721-79,55,1968-11-20,"largo de duarte, 24
barro preto
42665-603 das neves / ba",GOIÁS
Vitor Moraes,297.413.560-99,26,1998-04-02,"campo enrico lima, 20
trevo
56440-418 rodrigues do campo / to",RIO GRANDE DO SUL
João Gabriel Jesus,790.215.864-01,98,1925-06-10,"favela martins, 7
barão homem de melo 2ª seção
94838-720 vieira / es",TOCANTINS
Dr. Vitor Hugo Rezende,796.504.218-58,28,1995-06-07,"ladeira barros, 84
xodo-marize
45531-581 santos / ap",MATO GROSSO
Dr. Arthur Carvalho,081.475.329-97,38,1985-12-10,"jardim silveira, 35
dona clara
99094-166 moraes do campo / rr",RIO GRANDE DO SUL
Ryan Mendes,239.647.518-55,45,1978-04-27,"viaduto evelyn ribeiro, 56
dom silverio
54406-144 caldeira de minas / mg",PIAUÍ
Ana Laura Silva,485.623.907-47,77,1946-04-24,"campo de farias, 77
paulo vi
80754-580 lima paulista / am",PIAUÍ
Lorenzo Novaes,370.214.859-05,44,1979-08-31,"loteamento alice freitas, 3
santa lúcia
92358-703 teixeira / al",SERGIPE
Cauê Cardoso,019.326.548-60,18,2005-08-09,"trecho alícia monteiro, 61
são jorge 3ª seção
48780702 da paz das flores / al",SANTA CATARINA
Dra. Ana Luiza Silveira,324.769.180-40,82,1941-05-07,"alameda pinto, 59
cinquentenário
44694-989 barros de freitas / mt",ALAGOAS
Lavínia Azevedo,318.962.570-03,75,1948-10-17,"condomínio larissa teixeira, 216
olhos d'água
41107119 araújo de alves / ba",RORAIMA
Letícia Jesus,451.962.387-19,76,1947-04-25,"vale de da mata, 75
bela vitoria
70957619 pinto da prata / to",MATO GROSSO DO SUL
Bruna Ribeiro,352.689.470-10,71,1952-09-11,"trevo beatriz cardoso
prado
69816-364 silveira de da cunha / ap",DISTRITO FEDERAL
Theo Da Mata,758.604.312-44,65,1958-08-04,"feira souza, 65
santa helena
50266088 novaes do norte / al",MATO GROSSO DO SUL
João Gabriel Porto,956.247.831-91,51,1972-08-14,"fazenda luiza campos, 62
horto
82245-415 farias / go",SÃO PAULO
Maria Julia Freitas,178.405.623-53,73,1950-08-31,"loteamento de gomes, 86
liberdade
11683-949 nogueira / rs",AMAZONAS
Dr. Otávio Barros,683.710.592-21,26,1997-04-16,"condomínio marina costela, 29
morro dos macacos
55993-371 peixoto de goiás / rr",SÃO PAULO
Yasmin Gomes,827.516.430-35,99,1924-06-28,"feira letícia nascimento, 5
unidas
19530508 duarte / ma",SERGIPE
Sofia Novaes,576.349.820-83,44,1979-07-31,"aeroporto de ribeiro, 57
coração de jesus
29650-538 pinto do sul / mt",PARANÁ
Ian Da Luz,152.378.096-77,35,1988-10-26,"feira moura, 2
das industrias i
02663-431 lopes do sul / pb",RIO GRANDE DO SUL
Davi Luiz Souza,857.341.602-53,76,1947-10-04,"favela peixoto, 76
mangueiras
26284015 dias / pe",SANTA CATARINA
Cecília Araújo,032.146.758-26,19,2004-08-02,"distrito rezende, 61
jardim américa
93259-309 mendes de azevedo / mt",AMAPÁ
Luiz Gustavo Duarte,381.072.456-44,59,1964-10-03,"favela caldeira, 98
maria helena
45764587 porto / df",TOCANTINS
Ana Julia Cardoso,704.253.981-88,27,1996-10-19,"chácara campos, 423
vila são geraldo
16112198 peixoto / mg",RONDÔNIA
Gabrielly Lima,560.172.389-30,98,1925-06-30,"parque alves, 70
flavio de oliveira
53410009 ramos de rezende / rn",RONDÔNIA
Heloísa Ribeiro,437.291.568-37,63,1960-12-19,"sítio luiz gustavo cunha
nova vista
04718173 cardoso de rocha / rj",ESPÍRITO SANTO
Letícia Costa,530.469.218-70,43,1980-05-19,"viela yago oliveira, 70
serrano
09463-810 farias paulista / rn",SÃO PAULO
Ana Beatriz Da Rocha,438.759.201-04,79,1944-12-18,"alameda joão fernandes, 25
estrela do oriente
46344769 teixeira de fogaça / go",RONDÔNIA
Benjamin Moura,975.431.028-97,21,2002-04-15,"trevo de rezende, 83
coqueiros
11231-598 peixoto / al",PARAÍBA
Ana Julia Fogaça,103.764.259-70,37,1986-05-15,"área de gonçalves, 31
vila real 2ª seção
21471-324 lopes de da mota / rr",AMAZONAS
Clara Da Mata,354.672.908-00,40,1983-08-09,"aeroporto de gomes, 936
vila santo antônio
04382205 carvalho alegre / mt",TOCANTINS
Fernanda Oliveira,102.938.745-14,42,1981-10-30,"trevo correia, 72
olhos d'água
44387-007 moreira / rn",SANTA CATARINA
Laura Das Neves,723.640.589-29,25,1999-02-26,"viaduto vitor gabriel ferreira, 32
minas brasil
10002726 correia / go",RORAIMA
Lívia Teixeira,694.720.583-29,39,1984-05-09,"alameda teixeira, 9
vila são joão batista
26639-492 correia / al",PARAÍBA
Eloah Moreira,904.361.758-00,89,1934-06-08,"pátio de nunes, 3
vila nova dos milionarios
69899911 gonçalves da mata / ce",PARANÁ
Lívia Cardoso,619.543.702-61,87,1936-05-14,"campo de da paz
nova vista
48502-316 costela / pe",TOCANTINS
Augusto Freitas,930.751.648-01,62,1961-08-23,"trevo marcos vinicius jesus, 4
alpes
23410-106 araújo / al",PARAÍBA
Raquel Fernandes,467.250.891-94,76,1947-05-24,"parque de teixeira, 132
vila de sá
37918-718 da luz grande / am",DISTRITO FEDERAL
Sr. Anthony Da Costa,614.295.730-07,32,1991-06-12,"área lima, 7
vila são francisco
74051-909 castro / pi",PIAUÍ
Murilo Melo,431.069.572-80,22,2001-11-21,"trecho pires, 10
nazare
61544643 fogaça / ms",AMAPÁ
Srta. Mirella Barbosa,430.561.789-75,85,1939-01-31,"pátio de da rosa
glória
13351-045 cardoso de goiás / se",MATO GROSSO DO SUL
Gabriela Das Neves,437.950.268-65,40,1983-04-17,"avenida emilly pereira
distrito industrial do jatoba
55933377 melo de farias / al",ACRE
Bruno Da Cunha,259.608.134-24,29,1994-05-08,"quadra costa
bonsucesso
67500713 da rocha alegre / ma",DISTRITO FEDERAL
Alexandre Rodrigues,740.685.192-85,57,1966-07-07,"vale rezende, 20
juliana
20752-947 sales / al",AMAPÁ
Natália Rezende,784.015.962-11,61,1962-04-30,"sítio nascimento, 64
são lucas
48051121 azevedo de goiás / mg",PARANÁ
Emilly Caldeira,732.591.046-07,23,2000-05-28,"estrada eduardo porto, 85
boa vista
91509-960 martins alegre / ma",ACRE
Levi Azevedo,639.852.417-91,85,1939-02-05,"estação da cruz, 13
primeiro de maio
42793309 carvalho / pi",MARANHÃO
Nicole Da Rocha,567.238.104-90,23,2000-10-07,"distrito clara viana, 41
lajedo
54222151 fogaça / ce",SÃO PAULO
Joana Moreira,435.012.968-51,64,1959-08-18,"viela de das neves, 139
novo glória
61687564 lima / df",PIAUÍ
Maria Eduarda Almeida,573.694.082-56,72,1952-03-12,"travessa de barros, 4
santa helena
15465108 farias de aragão / pb",PERNAMBUCO
Marcela Da Cruz,876.904.123-78,92,1932-03-05,"viela viana, 95
santa rita de cássia
96728-974 da costa / ce",TOCANTINS
Helena Nunes,843.906.512-42,86,1937-08-16,"feira vieira, 28
vila são dimas
98682-147 costa de goiás / sc",RIO GRANDE DO NORTE
Isaac Oliveira,209.418.756-01,50,1973-08-22,"rodovia cardoso, 377
santa cecilia
73265406 teixeira alegre / mt",RIO DE JANEIRO
Manuela Pinto,094.728.615-20,39,1984-04-13,"praia almeida, 6
beira linha
27060932 carvalho / am",SANTA CATARINA
Bryan Ramos,681.425.907-94,35,1988-06-03,"aeroporto de da rocha, 27
união
59692448 da mata do sul / ms",PARAÍBA
Sr. Enzo Gabriel Fernandes,769.083.251-21,18,2005-08-24,"rodovia laís nunes, 50
vila madre gertrudes 2ª seção
84491232 peixoto / rr",MINAS GERAIS
Brenda Ramos,269.478.305-83,97,1926-04-19,"rodovia de souza, 416
conjunto são francisco de assis
69793970 da luz do sul / pi",MINAS GERAIS
Yuri Rezende,564.392.810-89,97,1926-04-17,"praia costa, 3
vila santo antônio barroquinha
01477044 farias de nogueira / ac",MATO GROSSO
Luiz Miguel Da Costa,630.714.952-34,74,1950-03-09,"via porto
conjunto capitão eduardo
65105570 da rosa dos dourados / pr",SERGIPE
Enzo Nogueira,187.306.492-69,62,1961-08-01,"campo cauã freitas, 66
xangri-lá
85645933 moraes verde / pb",RONDÔNIA
Davi Lucca Azevedo,035.761.849-10,67,1956-09-30,"condomínio cunha, 74
camponesa 2ª seção
72670-629 viana / pa",AMAZONAS
Luiz Otávio Fernandes,716.089.542-85,69,1954-08-08,"núcleo pietro barros
vila piratininga
50655-157 fernandes / pe",MINAS GERAIS
Thomas Correia,083.695.147-66,77,1947-02-14,"aeroporto melo, 31
conjunto celso machado
30242-400 nunes verde / ac",BAHIA
Davi Lucca Teixeira,647.105.832-26,82,1941-11-16,"condomínio de lima, 66
mirtes
13523-948 moraes / go",RIO GRANDE DO SUL
Luiz Gustavo Ribeiro,149.782.036-78,29,1994-09-19,"pátio davi lucca viana, 6
gameleira
40343223 pires / pa",PARAÍBA
Pietra Da Mata,427.051.638-08,66,1957-05-27,"feira gonçalves, 4
vila paquetá
10286777 santos / ap",MATO GROSSO DO SUL
Joaquim Azevedo,016.243.957-16,69,1955-03-25,"núcleo viana
conjunto jatoba
11680837 moraes / rn",GOIÁS
Sra. Agatha Melo,506.139.824-60,26,1998-02-10,"feira de oliveira, 1
mariquinhas
46119-752 moura de minas / rn",RORAIMA
Maria Julia Lopes,613.875.920-68,55,1969-04-02,"campo araújo, 10
tiradentes
67151-903 da cunha / go",RONDÔNIA
Dr. Marcelo Cardoso,862.405.317-07,78,1945-04-15,"lagoa ana sophia oliveira
pedreira padro lopes
62532-432 teixeira / rn",MARANHÃO
Catarina Moreira,207.584.916-11,33,1991-03-29,"jardim sales, 42
conjunto minas caixa
22835-296 ribeiro do sul / ro",MINAS GERAIS
Heitor Vieira,089.275.634-92,74,1950-01-27,"morro aragão, 796
estrela
42612-351 lima / mt",AMAZONAS
Luiz Fernando Da Luz,071.354.698-01,73,1950-04-09,"aeroporto pietro oliveira, 4
parque são josé
30217731 nogueira de minas / rr",MINAS GERAIS
Sabrina Silva,216.943.807-69,84,1939-06-06,"rodovia pedro henrique santos, 46
lagoa
22369254 costa / al",RIO GRANDE DO SUL
Luiz Henrique Martins,648.913.572-82,45,1978-10-21,"praia ferreira, 17
heliopolis
19236-190 costela do galho / rj",ALAGOAS
Catarina Carvalho,196.045.738-10,46,1977-05-29,"vila de farias, 46
minas caixa
76084-492 da paz / al",PERNAMBUCO
Ana Vitória Azevedo,529.648.701-01,76,1947-08-10,"campo yasmin moreira, 49
funcionários
43663-204 freitas / ap",RONDÔNIA
Thales Campos,412.839.065-89,81,1943-03-08,"avenida lavínia castro, 46
marieta 2ª seção
68968100 cavalcanti / sp",PARAÍBA
Thales Oliveira,369.124.870-50,82,1941-06-24,"condomínio levi almeida
vila nova cachoeirinha 3ª seção
36960-943 araújo / am",GOIÁS
Fernanda Cavalcanti,912.605.384-51,70,1953-11-28,"viela isis gomes, 43
petropolis
41621418 sales / ap",ALAGOAS
Dr. João Gabriel Da Conceição,831.674.905-00,46,1977-08-31,"jardim luiz felipe duarte, 1
bela vitoria
95860979 freitas do amparo / rr",AMAZONAS
Noah Barros,310.286.579-86,32,1991-12-22,"jardim almeida, 48
belvedere
96441879 gonçalves / ms",ESPÍRITO SANTO
Dr. Felipe Novaes,685.213.097-59,51,1972-10-29,"pátio de ribeiro, 16
pindura saia
56423394 martins do campo / rj",ESPÍRITO SANTO
Luiz Fernando Aragão,120.947.865-01,19,2004-09-15,"ladeira mariane santos, 7
distrito industrial do jatoba
22231939 lopes de vieira / se",DISTRITO FEDERAL
Ana Júlia Cardoso,812.569.704-76,82,1941-11-04,"vila silveira, 86
gameleira
42269180 barros / pb",BAHIA
Marina Ramos,068.459.237-10,60,1963-05-08,"ladeira duarte, 35
urca
65624052 da rocha de minas / mt",AMAZONAS
Dra. Joana Lopes,619.802.457-11,57,1966-06-26,"viaduto de novaes, 952
dom cabral
69283354 correia / sp",SERGIPE
Isabel Duarte,146.897.230-87,57,1966-12-27,"aeroporto isaac da conceição, 1
vila jardim montanhes
56147352 da mota / mt",ACRE
Paulo Jesus,078.429.635-92,53,1970-04-25,"fazenda de porto, 4
santa lúcia
21597335 jesus da praia / pr",RIO DE JANEIRO
Laura Costa,540.362.179-25,84,1940-02-27,"distrito de moraes, 56
alto vera cruz
37718933 mendes / ap",ALAGOAS
Sra. Milena Pinto,280.361.495-24,64,1960-02-29,"jardim novaes, 13
sion
42069-041 ribeiro das flores / ro",PERNAMBUCO
Danilo Ribeiro,109.426.753-80,67,1956-06-20,"ladeira de da conceição, 76
venda nova
04773-982 alves / to",MINAS GERAIS
Lívia Nunes,742.380.591-23,49,1975-03-14,"passarela de porto, 65
pousada santo antonio
35531-299 mendes do amparo / pi",BAHIA
Alícia Rodrigues,349.576.012-16,51,1972-08-26,"travessa de farias, 9
esplanada
66582980 rodrigues de pinto / rs",GOIÁS
Agatha Rezende,057.128.349-79,94,1929-10-25,"parque da luz, 3
grajaú
70106998 rocha do campo / rr",MARANHÃO
Juliana Santos,605.283.719-59,93,1930-09-18,"parque de silveira, 6
são jorge 3ª seção
94014349 oliveira de alves / ms",SERGIPE
Maria Fernanda Da Conceição,408.753.129-50,62,1961-09-26,"campo santos, 714
alto barroca
91375590 araújo / rj",AMAZONAS
Daniela Barbosa,861.325.749-64,35,1988-04-19,"área de moreira, 82
das industrias i
57160931 pinto / df",RORAIMA
Arthur Pinto,562.304.791-25,30,1993-07-08,"viela kamilly cunha
vista do sol
09969992 peixoto / sp",GOIÁS
Emanuel Aragão,910.648.375-57,41,1982-09-04,"campo de da cruz, 22
conjunto são francisco de assis
97327024 dias / sc",SANTA CATARINA
Dra. Alice Vieira,936.471.508-00,77,1946-12-28,"rodovia cunha
das industrias i
80439-199 aragão de minas / ma",PARÁ
Maria Cecília Moreira,805.671.324-71,65,1959-02-18,"passarela joão pedro nunes, 6
vila oeste
84706-059 fernandes de nogueira / df",MATO GROSSO DO SUL
,532.789.041-41,73,1950-10-01,"estação alves, 8
vila petropolis
42191461 correia / pe",PERNAMBUCO
Maria Vitória Campos,380.514.679-57,55,1968-07-05,"viela da costa, 16
canadá
89005-825 monteiro do galho / ma",PERNAMBUCO
Isabel Da Conceição,819.074.635-93,89,1934-11-12,"vale nogueira, 8
bela vitoria
66713-213 da cruz verde / ce",CEARÁ
,013.469.728-69,44,1979-09-06,"parque helena pires, 852
vila jardim são josé
41877182 lima / al",RORAIMA
Dr. Thomas Nunes,967.831.542-46,81,1942-08-14,"vereda da mota, 37
vila da luz
50836-481 moura / se",PIAUÍ
Lucca Moura,718.324.506-35,37,1986-12-20,"praia bryan martins, 8
santa amelia
78906-852 araújo / se",PIAUÍ
Diogo Souza,169.208.537-95,65,1958-07-13,"largo maysa cavalcanti, 6
vila satélite
94991-235 ferreira da mata / ap",MINAS GERAIS
Juliana Costa,980.314.567-39,53,1970-08-20,"alameda de campos, 32
vila são rafael
35493-001 cardoso da serra / al",RIO GRANDE DO NORTE
Eduarda Da Costa,739.064.581-48,88,1935-07-10,"jardim de lima, 1
das industrias i
92943262 da cruz / mt",SERGIPE
Alana Freitas,427.865.193-73,50,1973-07-15,"aeroporto noah jesus
diamante
89754-825 martins / ba",MATO GROSSO DO SUL
Murilo Ramos,374.259.681-00,97,1927-01-02,"feira jesus, 20
aparecida 7ª seção
51628446 cavalcanti da praia / df",PIAUÍ
Cecília Souza,294.870.651-30,20,2003-04-15,"campo emanuelly gonçalves, 51
novo glória
59410-071 carvalho / ba",RONDÔNIA
Raul Martins,187.365.402-26,96,1927-10-17,"alameda de carvalho, 150
saudade
84797278 vieira / rr",PERNAMBUCO
Renan Cavalcanti,072.685.391-77,69,1954-05-29,"trevo nina pereira, 99
álvaro camargos
69871484 novaes / ce",AMAZONAS
Sr. Diego Pires,842.107.593-41,34,1989-10-25,"morro eduarda farias, 92
aarão reis
37463172 castro / ac",SERGIPE
Sofia Da Rocha,719.034.862-03,57,1966-10-08,"vale davi luiz dias, 709
vila oeste
89234785 silva da serra / ce",SANTA CATARINA
Lorenzo Dias,271.346.098-04,98,1925-09-08,"favela elisa barbosa, 521
jardim vitoria
00115723 cardoso / sc",PARANÁ
Sr. Vitor Souza,426.583.097-83,73,1950-11-04,"aeroporto laura gonçalves, 7
vila vista alegre
73615-878 ramos de goiás / mg",ALAGOAS
Vitor Gabriel Cardoso,354.802.917-50,30,1993-10-14,"setor de da luz, 81
são cristóvão
41556-273 caldeira alegre / go",TOCANTINS
Pedro Rodrigues,790.846.152-20,98,1925-07-17,"trevo de moreira, 63
araguaia
62981-534 ferreira de dias / pi",ACRE
Eduarda Teixeira,745.360.218-17,76,1947-07-26,"ladeira peixoto, 85
são marcos
20590392 da mota / ma",TOCANTINS
Daniel Oliveira,753.108.264-08,34,1989-09-09,"colônia maitê cardoso
copacabana
07346251 pereira de minas / df",GOIÁS
Isadora Nogueira,129.350.847-05,29,1994-10-29,"praia de campos, 94
candelaria
17994-979 farias / pr",BAHIA
Sr. Fernando Moraes,768.291.350-95,96,1927-08-06,"área moreira, 8
grajaú
53772543 lima / pa",PIAUÍ
Luiza Araújo,246.095.783-10,70,1954-03-28,"jardim de dias
mirtes
61141993 lima do galho / ce",PARAÍBA
Maria Luiza Pires,620.159.487-67,46,1977-08-23,"viela de gonçalves, 79
vila havaí
33045503 pinto grande / sc",PARÁ
João Lucas Das Neves,974.016.258-49,49,1975-03-17,"campo de nascimento, 5
serra do curral
96012712 rezende da praia / sp",PARANÁ
Vitor Gabriel Carvalho,387.652.940-92,86,1937-08-14,"viaduto farias, 15
sagrada família
80186-004 moura / pr",GOIÁS
Henrique Sales,196.308.745-39,57,1966-05-21,"jardim cavalcanti, 94
petropolis
67401928 aragão alegre / ba",RIO DE JANEIRO
Henrique Ferreira,360.921.457-07,29,1994-10-25,"lago de lopes, 6
floramar
54884-139 barbosa / go",ACRE
Dra. Raquel Da Mota,263.497.108-78,33,1991-01-02,"aeroporto de fogaça, 29
santa sofia
37979425 santos / to",DISTRITO FEDERAL
Levi Melo,513.948.627-09,35,1988-05-03,"travessa de da luz, 42
vila nova paraíso
27079723 farias / ms",Desconhecido
Ana Luiza Gomes,287.963.510-12,32,1991-08-14,"estação de da costa, 211
pilar
07901-377 da costa da serra / pa",PARAÍBA
Isaac Fernandes,572.193.064-07,77,1946-04-26,"recanto rodrigues, 80
minas caixa
44325-470 ramos de minas / pi",DISTRITO FEDERAL
Leandro Fernandes,018.526.394-15,65,1958-10-19,"praia daniel barbosa, 847
silveira
71207-030 barbosa / ba",ALAGOAS
Dr. Breno Sales,135.280.496-42,77,1946-05-08,"estação miguel rodrigues
coração de jesus
28628-790 monteiro do sul / al",ACRE
Rafael Araújo,481.270.635-17,84,1939-09-25,"trevo sofia moreira, 67
alta tensão 1ª seção
71613-443 gonçalves de moraes / ce",ESPÍRITO SANTO
Eduardo Da Costa,043.291.768-31,73,1950-06-14,"quadra de alves, 729
camponesa 2ª seção
59140-150 castro / pa",MATO GROSSO DO SUL
Dra. Larissa Fernandes,562.739.148-00,97,1926-07-18,"aeroporto jesus, 2
são francisco
56777283 mendes do galho / es",SERGIPE
Milena Da Rocha,864.129.570-49,80,1944-01-20,"alameda araújo, 53
piratininga
43263289 freitas da prata / ms",RIO GRANDE DO NORTE
Eduarda Aragão,362.578.140-90,76,1947-10-07,"viela de sales, 68
nova esperança
18765-887 da rocha paulista / to",MATO GROSSO DO SUL
Sr. Ian Barbosa,149.706.235-70,66,1957-10-27,"morro ryan da luz, 43
vila nova gameleira 2ª seção
51932151 santos / pb",CEARÁ
Ian Cardoso,731.240.968-78,83,1940-04-23,"área ferreira
jardim montanhês
48456-726 rodrigues / ap",RIO GRANDE DO SUL
Vitor Gabriel Ferreira,916.428.705-01,53,1970-10-29,"conjunto farias, 36
silveira
70212-072 freitas / se",PIAUÍ
Rodrigo Melo,982.136.054-89,43,1980-07-04,"praia marina da rosa
são jorge 3ª seção
85701195 azevedo / ac",CEARÁ
Anthony Rezende,831.756.409-66,93,1930-07-16,"via de viana, 68
beija flor
12487-147 barros / sc",SÃO PAULO
Sra. Bianca Farias,783.506.142-26,32,1991-10-30,"viela campos, 2
anchieta
65687060 gonçalves / mg",ACRE
João Carvalho,298.370.514-50,91,1932-10-22,"vereda de aragão, 15
horto
91408-129 novaes / rr",RIO GRANDE DO NORTE
Benício Da Costa,783.564.021-07,28,1995-07-03,"vereda de souza, 13
europa
86657-778 pires / pr",ACRE
Yuri Alves,896.315.072-03,86,1937-10-16,"colônia da costa, 7
ouro minas
16870883 oliveira / se",CEARÁ
Gabriela Da Rosa,210.396.874-31,76,1947-12-18,"vale de caldeira, 8
ribeiro de abreu
20825-399 nunes dos dourados / al",SANTA CATARINA
Eduarda Da Conceição,238.670.945-00,99,1925-01-09,"praia de silva, 91
joão pinheiro
24305-998 nogueira / es",ESPÍRITO SANTO
Vicente Aragão,875.032.149-88,96,1927-11-03,"avenida da luz
vila inestan
75092-067 pinto de nascimento / al",DISTRITO FEDERAL
Srta. Sabrina Teixeira,682.413.095-89,87,1936-06-01,"estrada de da rosa, 69
jonas veiga
77228702 da costa / ap",RIO DE JANEIRO
Antônio Santos,198.572.630-03,85,1938-09-14,"morro da rocha, 84
tirol
24197526 moura / mt",PERNAMBUCO
Dr. Lucca Pinto,526.938.714-09,21,2002-10-26,"estrada sabrina freitas, 40
acaba mundo
89103366 campos da prata / df",MATO GROSSO DO SUL
Emilly Vieira,924.508.631-33,71,1952-11-01,"recanto miguel moraes, 45
penha
68905986 novaes / rs",MATO GROSSO
Dr. Gabriel Da Mata,701.684.923-69,59,1965-02-28,"feira de farias, 28
horto
10092-770 fogaça de ribeiro / rs",ACRE
Emanuella Azevedo,406.759.813-01,69,1954-11-23,"sítio moura, 50
ápia
72380-665 melo da prata / go",BAHIA
Ana Julia Rocha,618.542.930-60,47,1976-08-18,"trevo davi lucca da cruz, 72
boa união 1ª seção
10620881 da costa de goiás / pi",TOCANTINS
Milena Castro,482.675.391-82,60,1964-02-06,"chácara da mota, 218
conjunto floramar
77257-467 freitas da praia / rj",PERNAMBUCO
Lavínia Peixoto,204.378.591-50,72,1951-11-08,"feira martins, 78
estrela do oriente
98698651 souza da prata / rn",DISTRITO FEDERAL
Enzo Gabriel Gomes,893.267.104-40,28,1995-12-20,"setor luiz henrique monteiro, 4
madri
31999823 nascimento / mg",DISTRITO FEDERAL
Laura Fogaça,196.027.534-80,34,1989-12-12,"chácara de da mota, 4
pompéia
37543-030 correia / pa",ALAGOAS
Sr. Vitor Da Mata,062.317.498-78,60,1963-10-06,Endereco nao encontrado,RIO GRANDE DO SUL
Sophie Pinto,023.874.619-40,29,1995-01-27,"residencial noah mendes
vila atila de paiva
80740422 vieira das pedras / sc",RONDÔNIA
Sr. Kaique Peixoto,726.980.354-47,62,1962-03-20,"fazenda moraes, 80
vila vista alegre
10237716 rezende / es",SANTA CATARINA
Luiz Henrique Mendes,248.671.095-76,90,1934-01-18,"travessa leandro da mata, 898
vila sesc
45312-734 pinto verde / ro",PARÁ
Sr. Felipe Barros,569.174.380-57,48,1975-04-08,"área raquel moura, 8
mangabeiras
98516774 freitas das pedras / to",Desconhecido
Ana Beatriz Pereira,798.130.564-01,54,1970-01-01,"condomínio de santos
jaraguá
26568-369 da paz / mg",SANTA CATARINA
Sr. Rafael Silva,238.694.105-15,26,1997-04-26,"estação lara almeida, 67
sagrada família
07156-430 correia / pe",MARANHÃO
Dra. Olivia Mendes,189.425.703-05,90,1933-10-10,"residencial de mendes
jardim guanabara
59537-246 fernandes do galho / rr",SERGIPE
Eduardo Sales,052.439.678-74,39,1984-12-11,"aeroporto emanuel barros, 4
tres marias
65237-430 alves das flores / df",PERNAMBUCO
André Rodrigues,375.146.289-91,73,1951-02-18,"trecho gomes, 3
barreiro
95102-156 fernandes do amparo / go",PIAUÍ
Sophia Cavalcanti,092.836.475-56,91,1932-05-25,"alameda paulo da cruz, 70
vila madre gertrudes 3ª seção
39239-552 ribeiro / pr",AMAZONAS
Carolina Sales,519.078.623-40,32,1992-02-06,"residencial pinto, 95
etelvina carneiro
81148942 rezende / df",BAHIA
Lucas Monteiro,654.938.217-37,76,1947-06-29,"lagoa de silveira, 91
trevo
06218590 cavalcanti / pi",MARANHÃO
João Felipe Dias,850.643.912-42,52,1972-04-03,"condomínio moura, 504
santa helena
43343-451 moreira do norte / se",SERGIPE
Dr. Ian Fogaça,248.307.519-32,93,1931-01-25,"distrito de cavalcanti
vila barragem santa lúcia
47512-712 peixoto / rj",TOCANTINS
Lorena Barros,785.063.942-10,83,1940-04-24,"favela letícia jesus, 34
novo ouro preto
49782-391 caldeira de minas / mg",ALAGOAS
Sra. Ana Clara Teixeira,760.213.958-59,49,1974-11-23,"feira de da conceição, 796
mangabeiras
18099340 farias / se",RORAIMA
Natália Monteiro,481.507.239-60,81,1942-10-22,"morro de ramos
conjunto taquaril
44747-230 da luz de da rocha / am",RIO GRANDE DO SUL
Eduarda Duarte,893.752.061-30,20,2003-10-10,"quadra lopes, 69
vila da paz
26521494 cardoso / ce",ACRE
Larissa Carvalho,632.785.914-37,91,1932-05-21,"jardim de carvalho, 5
santo andré
16152-953 lopes das pedras / al",RORAIMA
Lara Moraes,549.683.127-09,18,2005-09-02,"vereda araújo, 18
garças
60268-221 das neves do amparo / pi",PARANÁ
Sophie Da Rosa,254.937.810-50,97,1926-10-06,"pátio fernandes, 59
vila ouro minas
16613784 correia / am",SÃO PAULO
Olivia Martins,391.758.460-39,82,1941-04-13,"jardim vinicius caldeira, 28
jonas veiga
92977-860 fernandes / df",CEARÁ
Thomas Barros,105.832.679-12,72,1951-07-31,"passarela de araújo, 123
andiroba
73587-974 peixoto / am",GOIÁS
Davi Luiz Azevedo,478.213.906-31,59,1964-11-30,"rodovia eduarda ramos, 87
engenho nogueira
24750-721 da mota / pb",SÃO PAULO
Danilo Santos,297.468.531-55,97,1926-12-17,"viela ana júlia fernandes, 25
pirineus
80993-491 caldeira do oeste / ac",PARÁ
Sr. Enzo Porto,496.105.872-67,98,1925-04-20,"vereda cauê barbosa, 141
conjunto providencia
93386492 da rosa de minas / ma",MATO GROSSO
Bianca Alves,304.856.971-57,67,1956-11-22,"campo rodrigues, 351
brasil industrial
54149-753 barros de lopes / ms",SANTA CATARINA
Alexia Das Neves,267.095.384-00,85,1938-04-16,"residencial de sales, 5
vila cloris
86404551 novaes das flores / se",RONDÔNIA
Esther Campos,523.648.017-53,58,1965-07-25,"área de castro, 108
nova vista
35970-851 da mota de da conceição / pi",SÃO PAULO
Ana Júlia Freitas,584.163.270-17,58,1965-06-28,"estrada fernanda jesus, 2
santa margarida
84192258 ramos / ac",GOIÁS
Maria Vitória Da Mata,826.549.107-76,57,1967-01-02,"lagoa pietro da cruz, 524
vila santa monica 2ª seção
97865-496 carvalho / ro",PARÁ
Ryan Da Mata,172.394.650-80,20,2003-06-17,"rodovia de porto, 90
marieta 2ª seção
21253207 cavalcanti da praia / go",ALAGOAS
Emilly Ribeiro,584.039.721-05,22,2002-03-16,"parque de gomes, 71
mala e cuia
39690-144 ribeiro / pa",RIO GRANDE DO NORTE
Bernardo Pinto,217.358.960-12,94,1929-10-07,"esplanada de moura, 30
vila petropolis
06003-306 silveira de minas / pa",PERNAMBUCO
Nicole Peixoto,829.610.543-89,67,1956-12-02,"distrito moraes
indaiá
48826-926 fernandes / ms",MINAS GERAIS
Isaac Da Conceição,867.904.512-85,75,1948-11-10,"lago da luz, 59
suzana
31058-064 oliveira grande / am",GOIÁS
Davi Lucca Santos,571.896.432-73,62,1962-01-22,"favela beatriz da costa, 77
antonio ribeiro de abreu 1ª seção
84156036 pereira / rj",RIO DE JANEIRO
Paulo Lopes,186.920.475-11,67,1956-05-05,"passarela davi lucca lopes, 37
ernesto nascimento
98206-073 viana das pedras / mg",MARANHÃO
Sophie Vieira,938.740.256-83,36,1987-06-09,"vereda de da mota, 564
jaqueline
26975-832 da cunha verde / ma",PIAUÍ
Rodrigo Da Cruz,648.157.092-11,51,1973-01-20,"favela costa, 372
serra
52549990 da mota / go",SÃO PAULO
Sr. Samuel Barbosa,903.148.725-23,30,1993-12-08,"distrito jesus, 34
vila rica
50869292 sales / rs",AMAZONAS
Dr. Cauê Ramos,109.742.536-34,70,1953-07-26,"viela de castro, 27
álvaro camargos
66324-461 campos de da conceição / df",RONDÔNIA
Bruno Jesus,354.129.068-42,27,1997-03-19,"campo moreira, 48
tirol
08973-162 moraes de almeida / rn",ESPÍRITO SANTO
Lívia Correia,843.267.059-65,52,1972-01-20,"favela de da rocha, 6
carlos prates
05310779 moura / ms",MATO GROSSO
Enrico Da Rocha,241.085.396-05,26,1997-08-11,"condomínio maria julia cavalcanti
vila são dimas
11528497 moraes / pa",PERNAMBUCO
Rafaela Aragão,269.480.317-22,73,1950-06-18,"chácara maria fernanda castro
marajó
14151560 cardoso / pb",SÃO PAULO
Dr. Marcos Vinicius Farias,475.216.309-80,88,1936-01-19,"ladeira castro
jardim são josé
72626-905 da cruz alegre / ma",PERNAMBUCO
Larissa Lopes,015.672.389-12,78,1946-03-27,"largo cavalcanti, 96
floramar
83933940 pires / sc",PERNAMBUCO
Isadora Carvalho,917.830.264-13,99,1924-09-06,"pátio de da paz, 57
são joão
47963078 da rosa / sc",SÃO PAULO
Sr. Vitor Da Rocha,234.809.516-51,77,1946-05-21,"recanto de novaes, 32
serra do curral
05842-432 barros / to",RIO DE JANEIRO
Isadora Pereira,501.489.326-06,92,1932-01-08,"jardim stella da costa, 91
pompéia
17635-424 rocha verde / ba",MATO GROSSO
Dr. Bernardo Da Cunha,147.253.908-79,50,1973-10-24,"residencial marina azevedo, 89
lagoinha leblon
75184-425 moraes de goiás / mt",PARAÍBA
Gabrielly Mendes,954.823.710-50,46,1977-04-13,"praça joão rezende, 30
céu azul
16339-527 vieira / rj",RORAIMA
Sr. Bruno Da Mata,473.961.502-99,94,1930-03-18,"chácara alice ferreira, 678
vila calafate
86268453 teixeira de da conceição / to",GOIÁS
Breno Rocha,237.651.094-52,59,1964-05-01,"estação de rodrigues
tres marias
70341-376 martins das pedras / pa",SERGIPE
Luigi Ferreira,148.627.593-19,69,1954-08-11,"trevo vieira
nossa senhora aparecida
77209-204 silveira / ap",MATO GROSSO
Davi Lucca Da Cruz,862.147.309-78,71,1952-08-19,"sítio de novaes, 75
vila são dimas
20206-108 sales grande / al",ALAGOAS
Henrique Almeida,824.936.710-31,59,1964-10-26,"área da costa, 29
dona clara
76291-483 peixoto / ms",CEARÁ
Dr. Vitor Hugo Caldeira,943.521.086-42,36,1988-01-29,"feira da costa, 17
vila dos anjos
20897515 oliveira da serra / se",GOIÁS
Alexia Souza,348.750.169-48,70,1953-09-20,"lagoa alves, 97
buritis
77554-758 dias / mt",PIAUÍ
Luiza Azevedo,683.725.094-92,73,1950-10-15,"recanto elisa da mota, 8
alípio de melo
27537027 da rocha / al",RONDÔNIA
Dr. Kaique Da Mota,143.052.798-60,91,1932-10-03,"setor vinicius moraes, 475
nossa senhora aparecida
22195398 nascimento / to",MINAS GERAIS
Laura Lima,051.892.473-41,82,1941-07-19,"área oliveira, 91
são paulo
64776374 nunes / sp",BAHIA
Raul Rodrigues,039.428.156-05,55,1969-03-10,"aeroporto da rocha, 499
estrela
98010-973 lopes do campo / ba",BAHIA
Joaquim Melo,305.162.978-21,91,1932-11-23,"ladeira ribeiro, 6
vila santo antônio
39990-961 peixoto / pe",PERNAMBUCO
Benjamin Cardoso,054.738.621-44,80,1943-09-08,"trevo da cunha, 2
são bento
96921591 correia / al",MARANHÃO
João Miguel Lopes,741.632.085-26,33,1990-05-07,"via de nunes, 63
olaria
31900805 alves / es",ALAGOAS
Letícia Da Mota,587.163.902-02,24,2000-02-26,"travessa de lopes, 205
mariano de abreu
95876862 moreira / ce",SERGIPE
Levi Da Rocha,840.965.372-92,40,1983-10-09,"via brenda cunha, 49
vila da ária
86881385 pereira das flores / ac",RIO GRANDE DO NORTE
Lorena Caldeira,625.938.410-60,53,1971-02-02,"praça ana luiza fernandes, 5
conjunto jatoba
06539-736 peixoto / ba",MATO GROSSO
Cauê Nogueira,473.829.561-64,96,1927-08-30,"recanto melo
conjunto providencia
67379023 sales grande / es",PARAÍBA
Sra. Yasmin Ferreira,805.297.631-68,85,1938-08-29,"lago de da cunha, 6
custodinha
00656680 alves / rn",RIO DE JANEIRO
Nicole Almeida,529.718.403-79,90,1934-03-05,"chácara joão gabriel nogueira
goiania
01170-828 farias da prata / mg",BAHIA
Fernando Pereira,560.237.918-59,47,1977-03-11,"trecho de rodrigues, 659
alto das antenas
14069474 rocha do sul / pr",MATO GROSSO
Breno Pereira,916.278.345-91,28,1995-08-09,"residencial gabriela azevedo, 35
vila rica
93794-457 barros do sul / pi",SERGIPE
Clara Dias,190.853.247-50,38,1985-11-16,"conjunto da conceição, 39
outro
24816322 cardoso do norte / df",MATO GROSSO
Dra. Milena Vieira,237.186.094-87,69,1954-09-16,"campo camila das neves, 14
granja de freitas
50083-987 farias / mg",PARÁ
Vitor Gabriel Porto,394.076.152-43,86,1937-06-14,"residencial luiza correia, 598
savassi
71706-964 da costa / es",ALAGOAS
Sr. Erick Da Rosa,971.680.543-84,25,1998-12-14,"núcleo de caldeira
vila são joão batista
94501805 da cruz de duarte / al",MINAS GERAIS
Marcos Vinicius Da Cunha,709.168.342-04,32,1991-07-25,"lagoa de rodrigues, 23
vila nova
35353077 martins verde / rn",RIO GRANDE DO NORTE
Sra. Nina Pires,651.847.023-26,44,1979-09-23,"viela eloah cunha, 42
vila suzana primeira seção
51015-275 da mota / rs",SÃO PAULO
Felipe Ribeiro,259.386.014-60,77,1946-10-24,"núcleo maria julia cunha, 21
vila santa rosa
63315732 castro de minas / pe",MATO GROSSO
Maria Julia Porto,864.015.273-07,35,1989-01-18,"alameda nascimento
vila suzana primeira seção
96587270 da luz / go",ALAGOAS
Pedro Cardoso,125.370.849-50,35,1988-05-28,"travessa de da rosa, 86
itaipu
42656-531 santos de fogaça / pa",PARAÍBA
Rebeca Da Paz,047.196.853-66,57,1966-04-11,"sítio de costa, 5
pantanal
19576291 costa / to",PARANÁ
Enrico Gonçalves,637.954.128-46,84,1940-01-24,"campo bernardo barros
conjunto são francisco de assis
33001-880 ramos / mg",SÃO PAULO
Murilo Campos,031.429.876-22,97,1926-09-20,"recanto silva
joão paulo ii
63796-922 da cunha / sp",ACRE
Olivia Porto,608.592.743-65,38,1985-12-23,"conjunto almeida, 3
bela vitoria
21477072 martins do oeste / ac",RIO GRANDE DO SUL
Mirella Da Conceição,854.702.193-05,39,1984-11-21,"pátio joão lucas cardoso, 77
maria tereza
79930-769 martins / am",SANTA CATARINA
Stephany Cardoso,453.287.196-46,89,1934-06-09,"praia luiz gustavo da luz, 83
são joão batista
28346057 ribeiro paulista / ro",BAHIA
Sr. Enrico Melo,829.635.104-89,99,1924-09-05,"esplanada farias, 252
caetano furquim
48121749 barros da mata / go",PIAUÍ
Dr. Gabriel Souza,432.516.079-52,23,2000-06-21,"rodovia de costela, 116
são geraldo
32543-886 vieira dos dourados / ce",PERNAMBUCO
Davi Jesus,914.326.570-70,51,1972-11-27,"quadra vieira, 230
cdi jatoba
20549693 cavalcanti de da costa / ro",BAHIA
Guilherme Freitas,517.032.496-07,43,1980-07-12,"trecho de caldeira, 369
santa sofia
92148278 pereira / se",SANTA CATARINA
Theo Costa,705.914.826-49,81,1942-07-20,"largo joão santos, 10
vila batik
12375502 gonçalves / rn",RONDÔNIA
Dr. Gustavo Henrique Das Neves,430.965.178-00,98,1925-11-26,"setor juliana fogaça, 605
piraja
18088-133 barbosa de minas / ma",MATO GROSSO DO SUL
Maria Luiza Gomes,821.346.507-53,79,1944-11-02,"área ana vitória martins, 56
xodo-marize
75746599 campos / ba",SERGIPE
Davi Lucas Peixoto,610.347.258-07,36,1987-04-07,"área thomas moraes, 58
canaa
13457754 fogaça / rj",ACRE
Bruna Almeida,610.958.743-57,72,1952-03-26,"chácara mendes, 64
varzea da palma
34300875 pereira de aragão / pr",RIO GRANDE DO NORTE
Juliana Ramos,846.532.901-05,20,2003-07-11,"vale de duarte, 5
horto florestal
61116-966 costela da prata / am",DISTRITO FEDERAL
Sarah Nascimento,560.143.972-99,77,1946-06-30,"alameda das neves, 1
planalto
82186-975 gonçalves de minas / mt",ACRE
Brenda Da Luz,037.641.982-22,74,1950-03-11,"viela danilo farias, 54
lagoa
03246-491 gomes / pe",MATO GROSSO DO SUL
Heloísa Da Costa,648.975.132-19,80,1943-08-12,"favela correia, 6
vila dos anjos
59071766 da luz das flores / se",MATO GROSSO DO SUL
Emanuella Araújo,758.319.462-82,64,1960-02-21,"rodovia maria julia peixoto
jardim guanabara
02953-469 almeida / ac",PIAUÍ
Vitor Viana,036.791.524-34,65,1958-04-13,"trecho de oliveira, 41
urca
99982495 monteiro do norte / ac",TOCANTINS
Yago Lopes,720.351.896-59,75,1948-05-05,"lagoa danilo fogaça, 756
nova gameleira
87198340 peixoto do oeste / ro",PARANÁ
Lívia Souza,308.769.421-50,35,1988-09-11,"colônia de correia, 93
laranjeiras
00380618 cunha / ce",TOCANTINS
Gabriela Cavalcanti,359.710.248-41,56,1967-04-05,"setor oliveira, 4
são josé
88628-790 moraes do sul / ma",MATO GROSSO DO SUL
Enzo Nogueira,309.527.864-00,82,1942-01-30,"morro de ferreira
vila são joão batista
46105897 moreira verde / mg",PIAUÍ
Dr. Ian Barbosa,412.836.097-03,90,1933-04-10,"alameda eduardo barros, 60
gameleira
29659334 peixoto / pi",PIAUÍ
Gabriela Rocha,348.067.512-35,34,1989-11-17,"área joaquim nogueira, 98
pedreira padro lopes
80157-244 carvalho / ma",RIO GRANDE DO NORTE
Maria Julia Martins,576.129.803-12,81,1942-11-12,"loteamento de nunes, 83
jatobá
30147296 costa de viana / pb",MINAS GERAIS
Dra. Marina Santos,950.827.316-02,57,1966-04-11,"viela alana souza, 456
união
33893264 almeida / df",RIO GRANDE DO SUL
Heloísa Teixeira,635.018.274-07,87,1936-05-23,"viela de da cruz, 61
bonsucesso
08463-362 castro / pa",GOIÁS
Paulo Farias,593.618.240-15,72,1951-11-18,"esplanada thomas pires, 33
providencia
74600883 azevedo do sul / ap",SÃO PAULO
Gabrielly Cardoso,127.539.460-43,95,1928-07-26,"estrada da cruz
aparecida
12482-253 alves / ap",ACRE
Davi Aragão,598.126.074-20,35,1988-09-24,"residencial de cardoso, 66
vila santo antônio
46634145 da cruz paulista / se",PARANÁ
Yago Peixoto,380.294.156-05,95,1929-02-12,"condomínio de nunes, 436
vila betânia
68017-566 azevedo do campo / pi",PARAÍBA
Erick Da Conceição,983.705.642-83,60,1963-08-25,"morro nunes, 657
ipe
17146-952 campos / ce",MINAS GERAIS
Isis Araújo,216.940.837-13,69,1954-06-08,"praia de campos, 82
vila oeste
65663001 aragão / sp",AMAPÁ
Dr. Nicolas Rezende,460.951.872-49,41,1982-07-01,"esplanada marcela castro, 36
flavio de oliveira
21776950 ribeiro de da mata / pa",PARAÍBA
Sr. Samuel Nascimento,914.356.082-24,65,1958-12-09,"setor luana ramos
nova pampulha
49464321 melo da prata / ac",SERGIPE
Sra. Maria Fernanda Barbosa,718.340.692-03,89,1934-11-02,"esplanada pedro nascimento, 71
vila são paulo
82047968 silveira / go",PARÁ
Luiz Felipe Farias,069.853.472-74,80,1943-04-26,"favela kaique fogaça, 19
castelo
89539-314 farias de goiás / al",PARÁ
Sr. Calebe Silva,402.895.671-49,61,1962-05-24,"rodovia de castro
santa branca
68988668 carvalho do norte / es",GOIÁS
Emanuella Gonçalves,107.258.963-02,69,1954-07-17,Endereco nao encontrado,GOIÁS
Augusto Oliveira,246.503.781-17,32,1992-02-27,"colônia costa, 81
vera cruz
52635474 das neves / ro",GOIÁS
Pedro Azevedo,953.478.062-65,68,1956-03-02,"vale vieira, 49
comiteco
80646514 moraes da prata / rs",MARANHÃO
Sra. Maria Luiza Fogaça,650.138.924-06,67,1956-12-12,"recanto de moreira, 426
santo agostinho
33803068 lima do oeste / mt",AMAPÁ
Eduarda Oliveira,365.297.480-83,58,1965-09-27,"sítio clarice sales, 99
silveira
99374-144 da mota do norte / pb",SERGIPE
Paulo Ramos,490.257.316-43,21,2002-11-13,"sítio azevedo
vila mantiqueira
13648723 novaes de da mota / df",MATO GROSSO
Beatriz Pires,275.691.803-21,34,1990-03-11,"recanto de castro
centro
11181216 nogueira / ma",MINAS GERAIS
Fernando Azevedo,790.612.435-99,28,1995-05-19,"estação rafael nunes, 90
jardim são josé
13086960 mendes / ro",DISTRITO FEDERAL
Eloah Silva,037.562.194-61,89,1935-03-30,"viela da rocha, 160
barão homem de melo 2ª seção
03877874 santos / ba",PERNAMBUCO
Caio Araújo,407.953.128-14,34,1989-12-18,"morro ribeiro, 11
casa branca
18090-665 costela de duarte / go",AMAZONAS
Sra. Valentina Sales,269.401.378-31,84,1939-08-08,"sítio ramos, 73
cachoeirinha
27212763 jesus / mg",PARANÁ
Melissa Cunha,719.234.568-73,25,1999-02-17,"ladeira luiza pinto, 9
conjunto minas caixa
29866-751 aragão / mt",PERNAMBUCO
Laís Da Paz,139.650.248-33,97,1927-01-09,"lagoa cavalcanti, 12
vila ecológica
95149381 da rocha da serra / sp",BAHIA
Heitor Silveira,183.062.459-89,89,1935-02-19,"avenida azevedo
santa maria
65167615 souza de aragão / ma",ACRE
Fernanda Moraes,064.153.782-44,45,1979-03-18,"avenida rocha, 13
alta tensão 2ª seção
99471-813 silva de lopes / pi",RORAIMA
Alana Souza,801.249.653-42,50,1973-12-06,"praia moreira, 1
cardoso
95586377 rezende / se",PIAUÍ
Srta. Caroline Da Rosa,192.846.350-98,51,1972-05-26,"passarela rocha, 96
buraco quente
12527333 pinto do galho / sp",CEARÁ
Stephany Vieira,682.430.791-22,46,1977-05-22,"travessa guilherme carvalho, 7
jonas veiga
17310105 moraes da mata / ms",TOCANTINS
Enzo Barros,794.105.632-16,67,1957-01-13,"estação fernandes, 85
nova floresta
99679-423 melo verde / go",MINAS GERAIS
Caroline Peixoto,036.519.782-30,66,1957-11-02,"loteamento thales pires, 51
vila união
19864-623 jesus / rr",SERGIPE
Maria Vitória Novaes,804.951.672-58,39,1984-08-08,"via vieira, 26
ouro preto
40712368 oliveira de gonçalves / go",RORAIMA
Bruna Moura,240.561.398-06,94,1930-02-13,"quadra amanda martins, 4
universo
19144-449 novaes / mg",RIO GRANDE DO SUL
Maitê Peixoto,501.274.968-58,61,1962-04-07,"distrito caldeira, 95
serra
65997-329 ribeiro da serra / pi",RIO GRANDE DO NORTE
Dr. Anthony Barbosa,749.318.650-20,20,2004-03-18,"distrito de fogaça, 13
pompéia
53877441 vieira / ap",MINAS GERAIS
Alexandre Jesus,269.471.530-34,69,1955-03-01,"aeroporto de fogaça, 74
vila santa monica 2ª seção
60502356 fogaça / ba",PIAUÍ
Marcos Vinicius Campos,421.936.780-22,45,1978-11-19,"trecho de barbosa, 7
são josé
35218-132 da cunha / rj",DISTRITO FEDERAL
João Miguel Moura,371.528.490-05,129,1894-07-21,"praça de costela, 38
renascença
34606-474 da mota / ms",RORAIMA
Ana Júlia Cardoso,096.825.473-00,106,1917-10-02,"praia da mata, 88
vila piratininga venda nova
49395-768 barbosa / rj",BAHIA
Stella Rodrigues,870.629.354-92,126,1897-10-11,"loteamento maria alice costela, 63
santa maria
89945979 lopes / es",TOCANTINS
Rebeca Da Rosa,640.731.289-22,11,2013-01-01,"trecho da mata
barroca
57152686 da mata do oeste / sc",SERGIPE
Henrique Monteiro,378.529.164-73,6,2018-03-09,"largo theo silva, 91
nossa senhora da conceição
58201009 santos do amparo / sp",ESPÍRITO SANTO
Ana Beatriz Teixeira,243.675.018-17,108,1916-03-14,"viaduto ferreira, 22
goiania
03047145 teixeira do galho / pe",PIAUÍ
Luigi Da Rosa,316.092.874-87,5,2018-08-23,"pátio de rocha, 4
cinquentenário
90133939 ribeiro / mg",RIO GRANDE DO NORTE
Melissa Dias,170.842.953-05,10,2014-02-21,"quadra isabel castro, 40
biquinhas
73474-780 porto / pi",SÃO PAULO
Beatriz Nunes,483.651.072-44,129,1894-05-24,"praça das neves, 274
são jorge 3ª seção
04812917 moraes / sc",RIO GRANDE DO SUL
Raquel Campos,213.869.074-13,124,1899-08-19,"estação ana lívia farias, 3
vila santa rosa
29209623 da cunha do sul / go",SERGIPE
Alícia Nascimento,578.310.692-59,111,1913-03-27,"aeroporto alícia vieira, 84
comiteco
22332319 costela / to",RONDÔNIA
Maria Julia Vieira,495.821.760-67,119,1905-03-20,"vale oliveira, 15
gameleira
25736494 martins / pr",MATO GROSSO
Igor Ramos,695.108.723-77,6,2017-06-29,"lago de caldeira, 4
beija flor
80339055 gonçalves de da mata / ac",PERNAMBUCO
Alice Cardoso,123.467.985-09,4,2019-10-14,"viaduto araújo, 76
são bento
81023-402 das neves de castro / pr",BAHIA
Julia Das Neves,201.495.378-32,122,1901-06-30,"praça maria sophia da cunha, 71
vila batik
49888-794 porto paulista / pi",PERNAMBUCO
Kamilly Rezende,470.598.623-74,140,1883-06-04,"setor de pires, 39
conjunto jatoba
35413804 silveira / ro",MINAS GERAIS
Breno Freitas,205.941.738-41,16,2008-03-03,"loteamento de ferreira, 24
nova suíça
04025468 teixeira / pa",AMAZONAS
Ana Lívia Da Paz,347.890.162-69,17,2006-09-01,"ladeira gomes, 10
califórnia
16710644 silva da praia / rj",DISTRITO FEDERAL
Sr. Daniel Cavalcanti,609.138.254-33,6,2018-01-09,"núcleo de da paz, 894
sion
45639-116 da cruz de pereira / go",MARANHÃO
Sr. Pedro Cavalcanti,863.591.470-84,1,2022-12-20,"recanto de melo
nossa senhora do rosário
07870886 monteiro / ba",MATO GROSSO
João Melo,053.946.781-20,5225,,"via de santos, 172
jardinópolis
11026-705 cardoso / al",ALAGOAS
Eloah Viana,694.108.237-22,8890,,"chácara isabella melo, 9
engenho nogueira
48263-090 cardoso / pb",PARAÍBA
Catarina Vieira,631.847.925-28,6850,,"lagoa moraes, 1
fazendinha
30786-621 nunes / go",AMAPÁ
Dra. Emanuelly Da Luz,549.076.831-20,-398,,"trevo peixoto, 13
jardim alvorada
88114547 moura do norte / rs",AMAPÁ
Júlia Araújo,324.091.587-14,4068,,"passarela de alves, 45
conjunto celso machado
63777708 das neves / al",PARÁ
Enrico Aragão,496.017.253-34,2841,,"trevo de porto
jardim leblon
25265042 costela / am",PERNAMBUCO
Sr. Bruno Pires,428.176.095-49,-283,,"quadra pinto, 896
nova gameleira
15951-609 da mata verde / am",PERNAMBUCO
Daniela Freitas,786.951.432-28,-620,,"aeroporto de pires, 59
nossa senhora da conceição
58048-330 nascimento / ce",RONDÔNIA
Samuel Caldeira,801.726.935-86,3324,,"campo monteiro
cabana do pai tomás
43706555 correia de da mata / ap",RIO GRANDE DO SUL
Aaaaaaaaaaaaaaaaaaaaaaaaaaaaaaaaaaaaaaaaaaaaaaaaaaaaaa,930.674.852-38,38,1985-10-14,"colônia da rocha, 31
jardim américa
88480-773 barros de goiás / rn",ALAGOAS
Aaaaaaaaaaaaaaaaaaaaaaaaaaaaaaaaaaaaaaaaaaaaaaaaaaaaaa,146.597.038-00,93,1930-08-27,"estrada nogueira, 21
atila de paiva
84689-543 nogueira / pb",MATO GROSSO DO SUL
Renan Da Luz,294.105.738-23,74,1949-07-29,"rua não cadastrada
bairro não cadastrado
00000000 cidade não cadastrada / pr",SÃO PAULO
Caroline Costa,401.325.978-88,21,2003-02-20,"rua não cadastrada
bairro não cadastrado
00000000 cidade não cadastrada / rs",PERNAMBUCO
Giovanna Farias,241.763.805-35,40,1983-08-14,"rua não cadastrada
bairro não cadastrado
00000000 cidade não cadastrada / rj",RIO GRANDE DO SUL
Maitê Araújo,496.283.175-55,52,1971-07-10,"rua não cadastrada
bairro não cadastrado
00000000 cidade não cadastrada / rs",PIAUÍ
Lavínia Da Mota,039.485.716-00,21,2003-01-31,"rua não cadastrada
bairro não cadastrado
00000000 cidade não cadastrada / es",RORAIMA
Igor Cardoso,345.061.892-05,49,1975-01-25,"rua não cadastrada
bairro não cadastrado
00000000 cidade não cadastrada / am",PARAÍBA
Maria Julia Campos,018.639.472-13,98,1925-08-08,"rua não cadastrada
bairro não cadastrado
00000000 cidade não cadastrada / mg",TOCANTINS
Marcos Vinicius Das Neves,617.948.250-02,86,1938-03-23,"rua não cadastrada
bairro não cadastrado
00000000 cidade não cadastrada / ro",SÃO PAULO
Isabel Barbosa,986.027.415-02,26,1997-12-17,"rua não cadastrada
bairro não cadastrado
00000000 cidade não cadastrada / mg",CEARÁ
Ryan Gomes,861.029.453-60,57,1966-05-17,"rua não cadastrada
bairro não cadastrado
00000000 cidade não cadastrada / sp",ACRE
Breno Duarte,463.105.289-98,66,1957-10-07,"rua não cadastrada
bairro não cadastrado
00000000 cidade não cadastrada / to",RIO DE JANEIRO
Eloah Peixoto,064.917.253-16,79,1944-05-23,"rua não cadastrada
bairro não cadastrado
00000000 cidade não cadastrada / mg",SERGIPE
Luiza Sales,726.431.850-80,55,1968-05-01,"rua não cadastrada
bairro não cadastrado
00000000 cidade não cadastrada / go",RIO GRANDE DO SUL
Dr. Alexandre Sales,427.398.061-40,87,1936-06-05,"rua não cadastrada
bairro não cadastrado
00000000 cidade não cadastrada / sp",SÃO PAULO
Alícia Campos,162.790.485-94,49,1975-03-20,"rua não cadastrada
bairro não cadastrado
00000000 cidade não cadastrada / go",PIAUÍ
Luigi Porto,826.509.374-83,43,1980-08-18,"parque de santos, 88
são joão
60112-833 rodrigues / pi",ESPÍRITO SANTO
